Signal A
4816	1.0
4655	0.97
4826	0.959
2260	0.956
4015	0.939
3257	0.937
4889	0.93
1797	0.924
3405	0.924
2566	0.905
4527	0.903
3456	0.897
2086	0.896
2218	0.896
4408	0.893
4231	0.892
4886	0.892
3274	0.89
2383	0.889
3617	0.887
4832	0.885
3621	0.885
1817	0.884
638 	0.882
3072	0.882
4754	0.881
4888	0.88
4523	0.879
3432	0.877
1969	0.876
4106	0.875
4146	0.873
4080	0.873
2333	0.871
2885	0.87
3766	0.87
1941	0.869
4884	0.868
2357	0.867
4596	0.867
2175	0.866
2281	0.865
3602	0.862
2088	0.861
1872	0.861
1904	0.86
3968	0.859
1901	0.859
4337	0.858
4872	0.857
4174	0.857
9   	0.855
430 	0.854
671 	0.853
1859	0.851
2241	0.851
556 	0.85
1532	0.85
4841	0.85
2577	0.85
1900	0.849
11  	0.848
4364	0.847
3783	0.846
4054	0.845
4008	0.843
1562	0.843
3930	0.842
1124	0.842
1203	0.842
1270	0.841
4839	0.84
703 	0.839
1004	0.839
253 	0.838
4126	0.837
3217	0.836
2270	0.835
4123	0.834
4278	0.834
636 	0.834
4078	0.834
3211	0.834
1709	0.833
2866	0.833
1053	0.833
1849	0.831
2029	0.831
542 	0.831
1874	0.828
3495	0.826
4222	0.825
4849	0.825
1786	0.824
3228	0.824
4898	0.823
2060	0.823
1485	0.823
3906	0.823
2834	0.822
599 	0.822
2096	0.822
256 	0.822
1003	0.821
1529	0.82
3972	0.819
562 	0.818
4481	0.818
425 	0.818
1809	0.818
2064	0.817
1564	0.815
5099	0.815
673 	0.814
686 	0.814
1929	0.814
3575	0.814
2830	0.813
667 	0.813
3914	0.813
3679	0.811
2174	0.81
1769	0.809
4553	0.808
698 	0.808
1225	0.808
487 	0.808
696 	0.807
1807	0.807
4334	0.807
4367	0.807
4869	0.806
4899	0.806
3961	0.805
4089	0.805
1509	0.804
2102	0.804
3070	0.803
3610	0.803
2728	0.802
3685	0.802
1783	0.801
641 	0.801
2032	0.801
2150	0.8
2189	0.8
504 	0.799
627 	0.799
1984	0.799
744 	0.799
1742	0.799
740 	0.798
3583	0.798
4324	0.798
4830	0.798
405 	0.797
2303	0.796
4851	0.796
4304	0.796
765 	0.795
557 	0.795
1572	0.795
1166	0.795
4863	0.795
3190	0.795
3838	0.793
1513	0.793
2901	0.793
3703	0.792
1802	0.792
4517	0.792
3757	0.792
3597	0.792
202 	0.791
485 	0.791
3359	0.79
569 	0.79
2146	0.79
653 	0.79
2665	0.788
605 	0.788
438 	0.787
1840	0.786
3008	0.786
3926	0.786
2915	0.786
5213	0.786
1064	0.785
2204	0.785
2775	0.785
2936	0.784
3576	0.784
619 	0.784
3085	0.784
1282	0.784
2661	0.784
615 	0.784
661 	0.783
4733	0.783
1100	0.782
4215	0.782
1257	0.781
622 	0.781
3710	0.781
1275	0.78
1800	0.78
3485	0.78
2091	0.779
2085	0.779
1503	0.779
1517	0.778
1947	0.778
217 	0.778
3452	0.778
1285	0.777
329 	0.777
298 	0.777
515 	0.777
446 	0.777
3666	0.777
4930	0.777
1480	0.776
1538	0.776
1793	0.775
1936	0.775
4571	0.775
749 	0.774
1569	0.774
1758	0.773
3466	0.773
122 	0.773
1130	0.772
1372	0.771
2376	0.771
683 	0.771
1891	0.77
1674	0.77
2886	0.77
4780	0.77
2089	0.769
4951	0.769
837 	0.769
606 	0.768
3293	0.768
1870	0.768
979 	0.768
563 	0.768
1512	0.767
436 	0.767
594 	0.767
3358	0.767
965 	0.767
3511	0.767
3915	0.767
3288	0.766
4057	0.766
3652	0.765
1524	0.765
471 	0.765
2076	0.764
1632	0.764
3399	0.764
3300	0.764
1530	0.763
6   	0.763
3290	0.763
2041	0.763
3503	0.762
1672	0.762
260 	0.762
4616	0.762
96  	0.762
7   	0.761
722 	0.76
490 	0.76
3462	0.759
3924	0.759
146 	0.759
739 	0.759
589 	0.759
1474	0.759
2480	0.759
4211	0.759
97  	0.759
4173	0.759
3390	0.759
582 	0.758
3371	0.758
2047	0.758
242 	0.758
1603	0.758
3521	0.758
1432	0.758
1548	0.758
421 	0.757
206 	0.757
3879	0.757
3098	0.757
3415	0.756
1806	0.756
305 	0.756
597 	0.756
1878	0.756
4855	0.755
2012	0.755
2391	0.755
3606	0.755
3020	0.754
2154	0.754
4873	0.754
4526	0.754
4932	0.754
789 	0.753
408 	0.753
1356	0.753
1052	0.752
144 	0.752
4346	0.752
544 	0.751
990 	0.751
1543	0.751
2363	0.751
4322	0.751
1574	0.75
945 	0.749
2654	0.749
4606	0.749
455 	0.749
2083	0.748
3949	0.748
2040	0.748
1778	0.748
497 	0.747
330 	0.747
1125	0.747
470 	0.746
4366	0.746
1552	0.745
635 	0.745
3878	0.745
1504	0.745
1841	0.745
1610	0.745
1624	0.745
4790	0.744
3622	0.744
1890	0.744
1789	0.744
3883	0.743
3040	0.743
1114	0.742
1955	0.742
2129	0.742
1934	0.742
1698	0.742
2962	0.742
4860	0.742
4591	0.741
4893	0.741
3021	0.741
4669	0.741
1942	0.74
922 	0.74
1630	0.74
1008	0.74
3566	0.74
3885	0.74
1113	0.74
200 	0.74
3155	0.74
647 	0.74
879 	0.74
787 	0.74
536 	0.739
3056	0.739
2722	0.739
1879	0.739
1654	0.739
4147	0.739
2725	0.739
2947	0.738
1846	0.738
1556	0.738
99  	0.738
4985	0.738
927 	0.738
4887	0.738
142 	0.737
1909	0.737
255 	0.737
2190	0.737
4221	0.737
4857	0.736
36  	0.736
480 	0.736
534 	0.736
1910	0.736
3404	0.736
3327	0.736
2347	0.736
2829	0.736
302 	0.735
538 	0.735
39  	0.735
2994	0.735
3489	0.734
54  	0.734
2831	0.734
548 	0.734
1961	0.733
1557	0.733
2265	0.733
4894	0.733
2981	0.733
4631	0.733
3080	0.733
443 	0.733
1539	0.733
315 	0.733
67  	0.733
115 	0.733
2744	0.732
1132	0.732
15  	0.732
1553	0.732
767 	0.732
121 	0.732
138 	0.732
509 	0.731
4579	0.731
152 	0.731
1740	0.731
1122	0.731
2332	0.73
521 	0.73
2622	0.73
1479	0.73
1161	0.73
4533	0.73
1062	0.729
2018	0.729
2100	0.729
3450	0.729
420 	0.729
334 	0.729
4262	0.729
2095	0.728
3715	0.728
4804	0.728
570 	0.728
1283	0.728
3569	0.728
1851	0.728
2009	0.727
1772	0.727
378 	0.727
5208	0.726
49  	0.726
2891	0.726
461 	0.726
3724	0.726
69  	0.725
2044	0.725
4964	0.725
648 	0.725
3826	0.725
3565	0.725
26  	0.725
4585	0.725
1424	0.724
691 	0.724
4027	0.724
4817	0.724
715 	0.724
3320	0.724
1528	0.724
5216	0.723
2993	0.723
2723	0.723
4258	0.723
2428	0.723
526 	0.722
4311	0.722
416 	0.722
458 	0.722
499 	0.722
752 	0.722
2289	0.722
4301	0.722
64  	0.721
2033	0.721
1268	0.721
2511	0.721
342 	0.72
2049	0.72
1406	0.72
3252	0.72
3897	0.72
282 	0.72
4866	0.72
120 	0.72
4670	0.719
1273	0.719
72  	0.719
460 	0.719
355 	0.719
4395	0.718
35  	0.718
4792	0.718
894 	0.718
4293	0.718
1272	0.718
1752	0.718
484 	0.718
193 	0.718
3124	0.718
4384	0.717
584 	0.717
4352	0.717
4084	0.717
860 	0.717
433 	0.716
1591	0.716
2410	0.716
2016	0.716
346 	0.716
1924	0.716
3109	0.716
107 	0.716
1395	0.715
1423	0.715
2596	0.715
111 	0.715
4070	0.715
1040	0.715
418 	0.715
1685	0.714
934 	0.714
4482	0.714
3600	0.714
264 	0.714
3094	0.714
30  	0.713
360 	0.713
1659	0.713
3750	0.713
891 	0.713
3936	0.713
1937	0.713
916 	0.713
3087	0.712
3459	0.712
618 	0.712
209 	0.712
210 	0.712
1821	0.712
3676	0.712
2552	0.712
1103	0.712
669 	0.712
1595	0.712
2454	0.712
1684	0.712
623 	0.712
3152	0.712
1207	0.712
123 	0.711
434 	0.711
1497	0.711
4924	0.711
503 	0.711
612 	0.71
3287	0.71
464 	0.71
1140	0.71
2793	0.71
2184	0.71
3674	0.71
313 	0.71
1615	0.71
1498	0.71
2285	0.71
919 	0.71
85  	0.71
2502	0.709
4835	0.709
1452	0.709
81  	0.709
3015	0.709
889 	0.709
4905	0.709
3558	0.708
2374	0.708
2881	0.708
78  	0.708
603 	0.708
2999	0.708
1997	0.708
839 	0.708
109 	0.707
227 	0.707
3373	0.707
4415	0.707
3916	0.707
492 	0.706
450 	0.706
1060	0.706
423 	0.706
1071	0.706
153 	0.706
3681	0.706
3200	0.705
1401	0.705
4987	0.705
31  	0.705
980 	0.705
4109	0.705
1586	0.705
4859	0.705
1477	0.705
1567	0.705
4479	0.704
3945	0.704
1291	0.704
1089	0.704
1559	0.704
5200	0.704
457 	0.704
359 	0.704
1281	0.704
1090	0.704
4679	0.704
5218	0.704
882 	0.704
913 	0.704
1316	0.704
3315	0.704
103 	0.704
986 	0.703
2497	0.703
1812	0.703
3780	0.703
156 	0.703
1129	0.703
3146	0.703
2413	0.703
493 	0.703
2709	0.703
248 	0.703
365 	0.703
1378	0.703
4036	0.703
5196	0.702
3687	0.702
174 	0.702
1046	0.702
2004	0.702
3973	0.702
118 	0.702
2812	0.702
1105	0.702
1535	0.702
126 	0.701
285 	0.701
513 	0.701
970 	0.701
1137	0.701
186 	0.7
692 	0.7
1838	0.7
262 	0.7
1705	0.7
4077	0.7
198 	0.7
1104	0.7
3905	0.7
535 	0.7
1963	0.7
942 	0.7
585 	0.7
960 	0.699
3501	0.699
637 	0.699
125 	0.699
2541	0.699
5203	0.699
376 	0.698
721 	0.698
1555	0.698
199 	0.698
89  	0.698
2221	0.698
401 	0.698
3344	0.698
3765	0.698
604 	0.698
978 	0.697
88  	0.697
4375	0.697
2859	0.697
2141	0.697
113 	0.696
567 	0.696
158 	0.696
1913	0.696
1149	0.696
2182	0.696
1304	0.696
1454	0.695
331 	0.695
3128	0.695
325 	0.695
665 	0.695
1966	0.695
2253	0.695
1180	0.695
303 	0.695
2288	0.695
880 	0.695
8   	0.695
4207	0.695
340 	0.695
890 	0.695
770 	0.695
972 	0.694
479 	0.694
1868	0.694
3171	0.694
3364	0.694
1441	0.694
3846	0.694
555 	0.693
2322	0.693
413 	0.693
3572	0.693
532 	0.693
426 	0.693
369 	0.693
1317	0.693
2598	0.692
2836	0.692
1332	0.692
2001	0.692
213 	0.692
2007	0.692
2151	0.692
462 	0.692
3540	0.692
3216	0.692
834 	0.691
28  	0.691
3042	0.691
981 	0.691
614 	0.691
435 	0.69
3742	0.69
775 	0.69
1731	0.69
3678	0.69
966 	0.69
3758	0.69
272 	0.69
1078	0.69
65  	0.689
312 	0.689
1427	0.689
4868	0.689
1327	0.689
216 	0.689
51  	0.689
998 	0.689
938 	0.689
1675	0.689
3208	0.689
14  	0.689
1644	0.689
1005	0.688
1719	0.688
4143	0.688
132 	0.688
25  	0.688
4850	0.688
3193	0.688
3992	0.688
1054	0.688
1974	0.687
616 	0.687
3144	0.687
766 	0.687
1930	0.687
735 	0.687
3975	0.687
3900	0.687
983 	0.687
4578	0.687
900 	0.687
1344	0.687
640 	0.687
757 	0.687
3802	0.687
38  	0.686
339 	0.686
595 	0.686
1013	0.686
1367	0.686
258 	0.686
2340	0.686
1521	0.686
1613	0.686
4847	0.685
2785	0.685
1192	0.685
4936	0.685
875 	0.685
871 	0.685
1073	0.685
710 	0.685
2235	0.685
411 	0.685
1747	0.685
3830	0.685
502 	0.685
432 	0.685
4661	0.684
511 	0.684
1584	0.684
1442	0.684
3444	0.684
4902	0.684
3256	0.684
366 	0.684
2682	0.684
301 	0.683
3904	0.683
3941	0.683
808 	0.683
617 	0.683
3860	0.683
3039	0.683
566 	0.682
1112	0.682
830 	0.682
1471	0.682
3009	0.682
1463	0.682
3143	0.682
1486	0.682
1190	0.682
4081	0.682
184 	0.682
1179	0.682
105 	0.682
796 	0.682
2360	0.682
664 	0.682
3738	0.682
70  	0.682
3394	0.682
145 	0.682
478 	0.682
4314	0.682
920 	0.682
883 	0.682
3187	0.681
1628	0.681
309 	0.681
901 	0.681
477 	0.681
3103	0.681
4039	0.681
173 	0.681
3068	0.681
3793	0.681
2857	0.68
971 	0.68
682 	0.68
407 	0.68
1580	0.68
41  	0.68
321 	0.68
374 	0.68
4233	0.68
429 	0.68
3075	0.68
549 	0.68
982 	0.68
4537	0.679
336 	0.679
3714	0.679
2071	0.679
957 	0.679
1751	0.679
1386	0.679
872 	0.679
1782	0.679
3029	0.679
3965	0.679
702 	0.679
1197	0.678
1927	0.678
907 	0.678
668 	0.678
967 	0.678
3141	0.678
1359	0.678
501 	0.677
335 	0.677
1411	0.677
74  	0.677
1415	0.677
540 	0.677
878 	0.677
1660	0.677
1638	0.677
3647	0.677
3335	0.677
580 	0.677
1048	0.676
1905	0.676
2116	0.676
316 	0.676
2447	0.676
4236	0.676
3578	0.675
46  	0.675
1457	0.675
3393	0.675
448 	0.675
240 	0.675
531 	0.675
1819	0.675
249 	0.675
522 	0.675
3204	0.674
1301	0.674
2588	0.674
4182	0.674
338 	0.674
1777	0.674
3851	0.674
112 	0.674
3693	0.674
332 	0.674
2754	0.673
3935	0.673
687 	0.673
745 	0.673
4385	0.673
3516	0.673
1213	0.673
444 	0.673
680 	0.673
3245	0.673
3159	0.673
2689	0.673
662 	0.673
885 	0.673
876 	0.673
1681	0.672
842 	0.672
246 	0.672
235 	0.672
3795	0.672
505 	0.672
3967	0.672
4989	0.672
3590	0.672
964 	0.672
962 	0.672
4124	0.672
130 	0.671
195 	0.671
845 	0.671
1000	0.671
4328	0.671
4374	0.671
1646	0.671
1663	0.671
1358	0.671
108 	0.67
32  	0.67
3369	0.67
2   	0.67
34  	0.67
4405	0.67
1779	0.67
1700	0.67
307 	0.67
306 	0.67
3506	0.67
3034	0.67
4   	0.67
154 	0.67
3694	0.67
3210	0.67
467 	0.669
791 	0.669
790 	0.669
2547	0.669
902 	0.669
1950	0.669
1232	0.669
268 	0.669
565 	0.669
910 	0.669
498 	0.669
3946	0.669
3391	0.669
276 	0.669
410 	0.668
688 	0.668
141 	0.668
613 	0.668
393 	0.668
1366	0.667
95  	0.667
422 	0.667
3291	0.667
1222	0.667
4494	0.667
3629	0.667
2680	0.667
1398	0.667
3265	0.666
1551	0.666
1421	0.666
236 	0.666
1055	0.666
3277	0.666
232 	0.666
127 	0.666
2474	0.666
3884	0.666
1243	0.666
351 	0.665
2225	0.665
2489	0.665
950 	0.665
2002	0.665
23  	0.665
3180	0.665
3436	0.665
3526	0.665
4735	0.665
508 	0.665
3214	0.665
2090	0.665
3046	0.665
4134	0.665
1416	0.665
3760	0.665
328 	0.665
270 	0.665
289 	0.664
52  	0.664
394 	0.664
2584	0.664
3194	0.664
1597	0.664
1007	0.664
3416	0.664
2524	0.664
1495	0.663
2946	0.663
417 	0.663
21  	0.663
2057	0.663
151 	0.663
3259	0.663
3737	0.663
1   	0.663
1483	0.663
116 	0.662
1345	0.662
2690	0.662
1756	0.662
764 	0.662
33  	0.662
3050	0.662
55  	0.662
2848	0.662
4990	0.662
781 	0.662
377 	0.662
1594	0.662
2621	0.662
581 	0.662
44  	0.662
786 	0.662
1468	0.662
1333	0.662
4540	0.662
37  	0.661
5172	0.661
415 	0.661
1990	0.661
228 	0.661
695 	0.661
322 	0.661
2015	0.661
3890	0.661
3181	0.661
724 	0.661
257 	0.661
3624	0.661
554 	0.66
2845	0.66
188 	0.66
1061	0.66
3978	0.66
1724	0.66
2815	0.66
1508	0.66
3778	0.66
4102	0.66
250 	0.66
736 	0.66
1017	0.66
379 	0.66
4184	0.66
3960	0.659
1076	0.659
1481	0.659
1652	0.659
1022	0.659
2132	0.659
299 	0.659
3642	0.659
1286	0.659
1102	0.659
428 	0.659
1588	0.659
1336	0.658
43  	0.658
489 	0.658
2211	0.658
5007	0.658
3848	0.658
824 	0.658
3089	0.658
3588	0.658
3867	0.658
3453	0.658
3850	0.658
3670	0.658
779 	0.658
3165	0.658
1302	0.658
2905	0.657
463 	0.657
1472	0.657
1212	0.657
101 	0.657
3653	0.657
2572	0.657
1544	0.657
3270	0.657
4235	0.657
4372	0.656
4466	0.656
815 	0.656
61  	0.656
2747	0.656
281 	0.656
1507	0.656
2352	0.656
3611	0.656
2545	0.656
4587	0.656
4692	0.656
1059	0.656
3163	0.655
451 	0.655
3145	0.655
4160	0.655
3170	0.655
1036	0.655
866 	0.654
3248	0.654
1649	0.654
3131	0.654
1449	0.654
4041	0.654
1193	0.654
3296	0.654
943 	0.654
3091	0.654
732 	0.654
2043	0.654
674 	0.653
1434	0.653
1922	0.653
287 	0.653
575 	0.653
714 	0.653
939 	0.653
319 	0.653
4097	0.653
3306	0.653
4749	0.653
1626	0.652
908 	0.652
2087	0.652
2490	0.652
1006	0.652
223 	0.652
1223	0.652
2581	0.652
1687	0.652
5209	0.652
2465	0.652
2846	0.652
71  	0.652
3395	0.652
2067	0.652
383 	0.652
3237	0.652
1606	0.652
1956	0.652
1570	0.652
3567	0.651
3232	0.651
867 	0.651
3644	0.651
3299	0.651
1593	0.651
3123	0.651
1869	0.651
2533	0.651
1338	0.651
3000	0.651
110 	0.651
777 	0.65
208 	0.65
3686	0.65
3351	0.65
899 	0.65
367 	0.65
4202	0.65
3821	0.65
275 	0.65
3627	0.65
1623	0.65
1379	0.65
5000	0.649
180 	0.649
3301	0.649
42  	0.649
1899	0.649
1635	0.649
1168	0.649
1435	0.649
1490	0.649
1450	0.649
150 	0.649
3983	0.649
2623	0.649
1067	0.648
1499	0.648
3175	0.648
114 	0.648
785 	0.648
904 	0.648
3828	0.648
90  	0.648
1422	0.648
1785	0.648
2005	0.648
812 	0.648
571 	0.648
204 	0.647
793 	0.647
3601	0.647
1621	0.647
4493	0.647
2679	0.647
266 	0.647
1971	0.647
3120	0.647
1018	0.647
1058	0.647
3178	0.647
3310	0.647
50  	0.647
324 	0.646
469 	0.646
3168	0.646
1187	0.646
1533	0.646
1511	0.646
1515	0.646
3520	0.646
1678	0.646
48  	0.646
2233	0.646
1666	0.646
817 	0.646
2312	0.646
1383	0.646
2737	0.645
140 	0.645
784 	0.645
1459	0.645
320 	0.645
838 	0.645
2026	0.645
645 	0.645
2399	0.645
3409	0.645
1502	0.645
4675	0.645
486 	0.645
4715	0.645
2950	0.645
3425	0.645
803 	0.645
4560	0.644
1254	0.644
4241	0.644
143 	0.644
5217	0.644
898 	0.644
1715	0.644
190 	0.644
1173	0.644
4994	0.644
591 	0.644
2840	0.644
2670	0.644
3053	0.644
3424	0.643
60  	0.643
861 	0.643
3397	0.643
3698	0.643
3229	0.643
4072	0.643
2550	0.642
2534	0.642
609 	0.642
2590	0.642
233 	0.642
265 	0.642
1911	0.642
2620	0.642
82  	0.642
3541	0.642
516 	0.642
1545	0.642
930 	0.642
4028	0.642
3028	0.642
283 	0.641
2434	0.641
3188	0.641
1484	0.641
1044	0.641
284 	0.641
441 	0.641
1063	0.641
3022	0.641
3953	0.641
131 	0.641
1209	0.641
4573	0.641
1998	0.641
468 	0.641
806 	0.641
2050	0.641
2638	0.641
1514	0.641
1670	0.641
822 	0.641
1473	0.64
2220	0.64
5   	0.64
4641	0.64
297 	0.64
1707	0.64
561 	0.64
2429	0.64
2314	0.64
3894	0.64
2262	0.64
191 	0.64
856 	0.639
4282	0.639
13  	0.639
868 	0.639
57  	0.639
3628	0.639
1376	0.639
2557	0.639
788 	0.639
3716	0.639
628 	0.639
1419	0.639
769 	0.639
1252	0.638
4318	0.638
3901	0.638
192 	0.638
2791	0.638
2847	0.638
841 	0.638
2685	0.638
148 	0.638
290 	0.637
1368	0.637
2706	0.637
3683	0.637
1648	0.637
4736	0.637
611 	0.637
3240	0.637
1438	0.637
3236	0.637
403 	0.637
3122	0.637
1393	0.637
2451	0.636
472 	0.636
656 	0.636
87  	0.636
381 	0.636
3944	0.636
5003	0.636
347 	0.636
352 	0.636
1531	0.636
3407	0.636
1939	0.636
869 	0.636
1357	0.636
424 	0.636
98  	0.636
5199	0.636
3233	0.635
1607	0.635
1589	0.635
1549	0.635
3632	0.635
2079	0.635
4206	0.635
3092	0.635
768 	0.635
19  	0.635
47  	0.635
24  	0.635
400 	0.635
954 	0.635
3474	0.635
3589	0.635
911 	0.635
734 	0.634
3467	0.634
2613	0.634
234 	0.634
205 	0.634
2510	0.634
3018	0.633
2634	0.633
1068	0.633
1093	0.633
2420	0.633
795 	0.633
896 	0.633
278 	0.633
4457	0.633
222 	0.633
229 	0.633
709 	0.632
975 	0.632
1768	0.632
3354	0.632
84  	0.632
1828	0.632
16  	0.632
952 	0.632
1380	0.632
4299	0.632
3437	0.632
1996	0.632
1680	0.632
3779	0.632
977 	0.632
1476	0.632
3962	0.631
1297	0.631
326 	0.631
2200	0.631
197 	0.631
730 	0.631
3386	0.631
220 	0.631
80  	0.631
178 	0.631
3881	0.631
2063	0.631
437 	0.631
1185	0.631
1925	0.63
3787	0.63
73  	0.63
1444	0.63
182 	0.63
750 	0.63
985 	0.63
3139	0.63
2441	0.63
1605	0.63
917 	0.629
4037	0.629
364 	0.629
83  	0.629
1240	0.629
3855	0.629
323 	0.629
811 	0.629
1522	0.629
3562	0.629
1781	0.628
3427	0.628
1741	0.628
2625	0.628
741 	0.628
2127	0.628
905 	0.628
2964	0.628
1833	0.628
62  	0.628
1546	0.627
1126	0.627
2736	0.627
3794	0.627
4458	0.627
3966	0.627
3705	0.627
22  	0.627
2918	0.627
3305	0.627
4088	0.627
3403	0.627
370 	0.627
4308	0.627
819 	0.627
3824	0.627
3341	0.627
4298	0.626
2536	0.626
2056	0.626
269 	0.626
3680	0.626
214 	0.626
3045	0.626
3568	0.626
345 	0.626
1446	0.626
3918	0.626
169 	0.626
799 	0.626
1298	0.626
2343	0.626
719 	0.625
207 	0.625
610 	0.625
935 	0.625
1494	0.625
1765	0.625
2259	0.625
135 	0.625
1407	0.625
2751	0.625
720 	0.624
1440	0.624
2199	0.624
820 	0.624
45  	0.624
2795	0.624
3244	0.624
1995	0.624
3224	0.624
2188	0.624
3719	0.624
162 	0.624
3519	0.623
755 	0.623
3378	0.623
134 	0.623
3957	0.623
2432	0.623
893 	0.623
5050	0.623
5004	0.623
1629	0.623
1445	0.623
4988	0.622
392 	0.622
27  	0.622
348 	0.622
3984	0.622
3912	0.622
3753	0.622
2673	0.622
1604	0.622
2411	0.622
128 	0.622
2246	0.621
2242	0.621
3247	0.621
5191	0.621
59  	0.621
4187	0.621
884 	0.621
991 	0.621
2224	0.621
3441	0.621
2543	0.621
3671	0.621
2832	0.621
136 	0.62
3307	0.62
1389	0.62
1110	0.62
1082	0.62
4705	0.62
1399	0.619
79  	0.619
2404	0.619
846 	0.619
1464	0.619
1519	0.619
711 	0.619
3154	0.619
4268	0.619
2207	0.619
221 	0.619
4248	0.618
887 	0.618
3157	0.618
1388	0.617
327 	0.617
2796	0.617
4302	0.617
944 	0.617
3173	0.617
4019	0.617
3635	0.617
75  	0.616
361 	0.616
277 	0.616
2390	0.616
3513	0.616
252 	0.616
1242	0.616
1799	0.616
1735	0.616
2065	0.616
756 	0.616
1288	0.616
40  	0.616
3   	0.615
529 	0.615
4171	0.615
1671	0.615
409 	0.615
2656	0.615
968 	0.615
2565	0.615
4166	0.615
2022	0.615
931 	0.615
2476	0.614
165 	0.614
1116	0.614
4874	0.614
3664	0.614
1458	0.614
5158	0.614
864 	0.614
372 	0.614
728 	0.614
2217	0.614
454 	0.614
994 	0.614
3559	0.614
4137	0.614
3882	0.613
4756	0.613
805 	0.613
2564	0.613
826 	0.613
2045	0.613
1001	0.613
1668	0.613
2483	0.612
2701	0.612
3104	0.612
3502	0.612
2203	0.612
2124	0.612
1047	0.611
267 	0.611
1216	0.611
1945	0.611
4492	0.611
4665	0.611
3648	0.611
672 	0.611
704 	0.611
778 	0.61
1877	0.61
1566	0.61
445 	0.61
3834	0.61
4684	0.61
3991	0.61
3246	0.61
3402	0.61
2396	0.61
412 	0.61
5081	0.61
271 	0.61
1616	0.61
2537	0.61
1320	0.609
77  	0.609
3115	0.609
3969	0.609
1581	0.609
2219	0.609
225 	0.609
1641	0.608
2478	0.608
644 	0.608
4604	0.608
187 	0.608
941 	0.608
3486	0.608
1720	0.608
2051	0.607
1697	0.607
4201	0.607
2185	0.607
4664	0.607
3303	0.607
2484	0.607
308 	0.606
1732	0.606
106 	0.606
226 	0.606
274 	0.606
2585	0.606
1728	0.606
3339	0.606
3275	0.606
53  	0.606
1448	0.606
1774	0.605
2893	0.605
194 	0.605
2250	0.605
2686	0.605
2471	0.605
3169	0.605
3426	0.605
780 	0.605
3487	0.604
948 	0.604
3099	0.604
1292	0.604
3421	0.604
4136	0.604
2315	0.604
2501	0.604
4981	0.604
3535	0.604
2587	0.603
723 	0.603
2989	0.603
1139	0.603
3392	0.603
1808	0.603
3980	0.603
357 	0.603
2240	0.602
3283	0.602
296 	0.602
4359	0.602
5180	0.602
442 	0.601
2282	0.601
3113	0.601
863 	0.601
1637	0.601
102 	0.601
1369	0.601
1296	0.601
1763	0.601
2348	0.601
4846	0.601
4862	0.6
1525	0.6
1852	0.6
3939	0.6
3295	0.6
3557	0.6
712 	0.6
1703	0.599
147 	0.599
3829	0.599
3095	0.599
1686	0.599
404 	0.599
2575	0.599
1612	0.598
851 	0.598
579 	0.597
2284	0.597
1024	0.597
459 	0.597
2507	0.597
3822	0.596
2759	0.596
1382	0.596
1418	0.596
3951	0.595
1625	0.595
189 	0.595
481 	0.595
2130	0.595
3599	0.594
203 	0.594
849 	0.594
4906	0.594
3153	0.594
874 	0.594
1696	0.594
1964	0.594
2006	0.594
4759	0.593
1042	0.593
3063	0.593
3286	0.593
2228	0.593
2256	0.593
1489	0.592
3201	0.592
1131	0.592
3663	0.592
3493	0.592
4904	0.592
699 	0.592
2734	0.591
1835	0.591
4393	0.591
1989	0.591
3049	0.591
1189	0.591
3582	0.591
2508	0.591
3278	0.591
4525	0.591
1701	0.59
4051	0.59
1045	0.59
949 	0.59
4272	0.59
3057	0.59
356 	0.59
29  	0.589
387 	0.589
2940	0.589
1914	0.589
1465	0.589
1794	0.589
1155	0.589
4263	0.589
1453	0.589
314 	0.589
2423	0.589
3007	0.589
4833	0.588
4864	0.588
3820	0.588
1151	0.588
161 	0.588
2669	0.588
2772	0.588
2895	0.588
3137	0.587
2589	0.587
1827	0.587
4845	0.587
3324	0.587
3242	0.586
2066	0.586
3266	0.586
1691	0.586
2142	0.586
2210	0.586
1711	0.585
2733	0.585
4946	0.585
1134	0.585
2380	0.585
2540	0.584
1547	0.584
1118	0.584
2160	0.584
2148	0.583
3025	0.583
2107	0.583
2512	0.583
4831	0.583
746 	0.583
3934	0.583
3887	0.582
666 	0.582
2738	0.582
909 	0.582
4016	0.582
2037	0.582
2641	0.582
3669	0.582
76  	0.582
3268	0.582
1677	0.581
4434	0.581
1563	0.581
3552	0.581
4181	0.581
4532	0.581
439 	0.58
3312	0.58
2393	0.58
3547	0.58
465 	0.58
4739	0.58
185 	0.58
2529	0.58
4317	0.58
2418	0.579
762 	0.579
3276	0.579
2942	0.579
3923	0.579
473 	0.579
705 	0.579
1370	0.579
2639	0.579
395 	0.579
3215	0.579
4388	0.578
4226	0.578
2364	0.578
63  	0.578
2278	0.578
3993	0.578
3476	0.578
1704	0.577
2965	0.577
3184	0.577
1726	0.577
3435	0.576
713 	0.576
514 	0.575
1084	0.575
4291	0.575
5108	0.575
4584	0.575
3100	0.575
2370	0.575
4312	0.574
4986	0.574
1289	0.574
4180	0.574
4969	0.574
4922	0.574
1743	0.573
4162	0.573
1550	0.573
2098	0.572
2178	0.572
402 	0.572
310 	0.571
4956	0.571
3640	0.571
1323	0.57
1540	0.57
4948	0.57
3630	0.569
391 	0.569
3250	0.569
1834	0.569
1730	0.569
3384	0.569
2693	0.569
3342	0.569
3735	0.569
4642	0.569
343 	0.568
3921	0.568
946 	0.568
3477	0.568
3037	0.568
2856	0.567
1426	0.567
3603	0.567
2415	0.567
1313	0.567
201 	0.567
1944	0.567
183 	0.567
2248	0.567
1866	0.566
2068	0.566
825 	0.566
3523	0.565
5001	0.565
2505	0.564
119 	0.564
4344	0.564
2173	0.564
160 	0.564
4908	0.563
2920	0.563
1734	0.563
304 	0.562
3151	0.562
1437	0.562
388 	0.562
1371	0.561
288 	0.561
3689	0.561
397 	0.56
3389	0.56
406 	0.559
163 	0.559
164 	0.559
3709	0.559
224 	0.558
3340	0.558
380 	0.558
1633	0.557
4592	0.557
3658	0.557
4982	0.556
5188	0.556
1245	0.556
3805	0.555
2740	0.555
1159	0.555
3539	0.554
3726	0.554
86  	0.554
1988	0.554
4256	0.553
1727	0.553
92  	0.552
4890	0.552
2732	0.552
4177	0.551
4345	0.551
700 	0.551
4046	0.55
384 	0.55
3845	0.55
2405	0.549
2756	0.549
2492	0.549
2381	0.548
3722	0.548
1862	0.547
1221	0.546
4230	0.545
4265	0.545
3994	0.545
133 	0.544
363 	0.543
1714	0.543
4630	0.542
1284	0.542
414 	0.542
897 	0.541
928 	0.541
475 	0.54
4970	0.539
2072	0.538
1153	0.538
2990	0.538
1385	0.537
1396	0.537
3374	0.536
1154	0.536
337 	0.535
386 	0.534
4034	0.534
3744	0.532
231 	0.531
1353	0.529
3209	0.528
474 	0.528
1842	0.524
215 	0.522
4983	0.519
263 	0.516
3213	0.515
4657	0.513
1260	0.513
1722	0.512
311 	0.512
1688	0.512
4350	0.508
2155	0.506
4769	0.503
2619	0.497
5079	0.497
2904	0.496
168 	0.496
279 	0.494
1403	0.494
350 	0.493
341 	0.492
2730	0.487
3987	0.471
483 	0.466
2909	0.465
476 	0.464
2931	0.435
452 	0.359

Signal B
4430	1.0
2992	0.973
2309	0.921
4913	0.904
4056	0.882
564 	0.869
4978	0.866
4319	0.858
4788	0.855
2468	0.831
4047	0.831
4033	0.831
4580	0.827
1365	0.823
5066	0.821
3030	0.821
2516	0.817
2283	0.814
624 	0.807
3475	0.806
1803	0.802
4732	0.798
2443	0.792
2618	0.792
3090	0.777
211 	0.773
4815	0.768
4962	0.766
4570	0.766
2062	0.765
2167	0.755
4980	0.755
4032	0.749
4814	0.749
4992	0.748
4007	0.745
1932	0.745
4974	0.745
1231	0.744
3730	0.739
4972	0.734
2080	0.734
4069	0.732
5197	0.732
2456	0.729
399 	0.727
3083	0.708
2407	0.691
1981	0.691
3065	0.68
854 	0.677
4823	0.676
4058	0.673
2409	0.672
2232	0.672
4599	0.671
2624	0.67
4803	0.667
4476	0.658
512 	0.65
4766	0.65
2055	0.646
1883	0.646
1958	0.644
4800	0.644
447 	0.64
1917	0.639
4038	0.634
3012	0.631
4245	0.626
651 	0.626
3410	0.624
4332	0.621
1804	0.614
525 	0.609
1560	0.608
4837	0.603
1244	0.6
4018	0.6
4500	0.597
642 	0.596
2059	0.594
4761	0.594
652 	0.592
4363	0.584
4529	0.583
4556	0.583
1256	0.58
3420	0.58
3570	0.578
1405	0.578
4130	0.578
2643	0.575
4858	0.572
3033	0.571
1810	0.571
2506	0.57
3781	0.569
495 	0.568
4582	0.567
5136	0.566
4441	0.565
1443	0.565
663 	0.565
2745	0.564
2530	0.562
4060	0.562
1960	0.562
1938	0.561
4808	0.554
4446	0.553
2036	0.551
3036	0.545
3573	0.545
2427	0.543
510 	0.542
3241	0.542
4629	0.54
4534	0.54
4828	0.538
2844	0.538
2031	0.538
3587	0.536
4220	0.533
4355	0.533
2187	0.533
4421	0.532
4648	0.531
572 	0.53
4820	0.529
4876	0.528
2152	0.526
2579	0.524
3956	0.523
3524	0.522
3847	0.521
4404	0.521
1121	0.521
2319	0.52
1999	0.519
2781	0.517
4818	0.516
1021	0.516
4711	0.514
3279	0.511
1229	0.511
2179	0.51
2170	0.51
4821	0.509
2101	0.508
4549	0.508
996 	0.508
701 	0.507
4562	0.506
1836	0.506
4179	0.502
2159	0.502
2790	0.501
639 	0.5
4219	0.496
3473	0.496
1915	0.496
4349	0.495
3294	0.495
4433	0.491
588 	0.49
3865	0.488
1065	0.487
5167	0.487
2963	0.485
2902	0.484
2921	0.484
4601	0.484
2870	0.483
4531	0.482
989 	0.481
4428	0.479
2473	0.479
440 	0.478
3995	0.478
3522	0.478
3372	0.476
1622	0.476
1274	0.475
3273	0.475
3551	0.475
4813	0.475
2368	0.475
4699	0.474
551 	0.473
4435	0.473
2944	0.472
2958	0.471
1342	0.471
294 	0.47
2402	0.47
3161	0.469
4752	0.469
3017	0.469
4617	0.469
3422	0.469
5207	0.467
4794	0.466
3543	0.466
3138	0.465
1755	0.464
4536	0.464
2499	0.463
4659	0.463
2858	0.463
2923	0.463
4925	0.462
3196	0.461
4651	0.461
537 	0.461
2316	0.46
4569	0.458
1753	0.458
2894	0.458
3218	0.458
4856	0.458
4691	0.457
5065	0.457
1123	0.456
2446	0.455
2133	0.455
546 	0.454
1026	0.453
3842	0.452
4624	0.452
4448	0.452
3160	0.451
5096	0.45
3262	0.45
3619	0.448
280 	0.448
4214	0.446
2131	0.445
3255	0.444
3412	0.444
1972	0.443
4765	0.443
1744	0.443
2855	0.442
4000	0.441
4440	0.441
1576	0.44
4586	0.44
4682	0.439
3536	0.439
2773	0.439
3517	0.439
4333	0.438
1585	0.438
3841	0.437
3003	0.437
2961	0.436
4438	0.436
3423	0.435
2929	0.435
4614	0.434
4229	0.433
4327	0.433
4343	0.433
4574	0.433
2149	0.432
2320	0.432
4595	0.432
4063	0.432
1518	0.431
1049	0.431
4903	0.431
1721	0.431
2671	0.431
3529	0.43
3147	0.43
4240	0.43
3118	0.429
933 	0.429
3873	0.429
3413	0.429
2525	0.429
3976	0.428
3282	0.428
1669	0.428
2860	0.427
2555	0.427
4023	0.427
2926	0.426
4883	0.425
2181	0.425
5102	0.425
4747	0.424
649 	0.424
368 	0.423
782 	0.423
4646	0.423
3811	0.422
3142	0.422
4656	0.422
4082	0.421
2493	0.421
4017	0.421
4647	0.421
3886	0.421
4590	0.42
4121	0.42
2111	0.42
2927	0.419
5014	0.419
2169	0.419
3148	0.419
3857	0.419
2778	0.419
4360	0.419
1692	0.419
4737	0.418
2266	0.418
3465	0.418
2426	0.416
3933	0.416
918 	0.416
3119	0.416
4793	0.416
3458	0.415
1631	0.415
4170	0.415
2972	0.415
3253	0.415
3464	0.414
3810	0.414
4564	0.414
4607	0.414
4392	0.414
4645	0.414
1965	0.413
3840	0.413
1757	0.413
1667	0.412
1645	0.412
2135	0.412
2810	0.411
4620	0.411
1582	0.411
3284	0.411
4387	0.411
2868	0.41
1520	0.409
4686	0.409
3176	0.409
4791	0.409
3281	0.408
4280	0.408
4254	0.408
4880	0.408
697 	0.408
3149	0.408
4551	0.408
3323	0.407
4853	0.407
1699	0.407
3280	0.407
2137	0.407
921 	0.407
1364	0.406
4594	0.406
4740	0.406
4941	0.406
2842	0.405
1676	0.405
4255	0.405
3497	0.405
4524	0.405
3060	0.405
2979	0.405
3533	0.404
1014	0.404
2140	0.404
3362	0.402
3797	0.402
4565	0.402
4566	0.402
1839	0.401
2750	0.401
2479	0.401
1506	0.401
1247	0.401
625 	0.401
4323	0.401
4377	0.401
5155	0.4
3643	0.4
3260	0.4
1373	0.4
4420	0.399
761 	0.399
3471	0.399
3468	0.399
3818	0.399
3019	0.398
4742	0.397
4158	0.397
3625	0.397
4150	0.397
2119	0.396
3112	0.396
2081	0.396
4178	0.396
349 	0.396
4062	0.396
539 	0.396
3172	0.395
4870	0.395
4812	0.395
2134	0.395
2351	0.395
2779	0.395
3055	0.395
3185	0.394
3108	0.394
2144	0.393
3728	0.393
4145	0.393
1255	0.393
2519	0.392
3054	0.392
3251	0.392
5127	0.392
3234	0.392
4022	0.392
1253	0.392
650 	0.392
482 	0.391
3922	0.391
3823	0.391
3917	0.391
3598	0.391
3447	0.39
2372	0.39
4825	0.39
4650	0.39
2806	0.39
2326	0.39
574 	0.39
4879	0.39
2156	0.39
2988	0.389
4283	0.389
4239	0.389
4798	0.389
4285	0.389
2892	0.389
4290	0.388
4491	0.388
3985	0.388
1689	0.388
2103	0.388
4891	0.388
4093	0.388
1776	0.388
3285	0.388
3510	0.387
2952	0.387
936 	0.387
1614	0.387
4840	0.387
4465	0.387
4843	0.387
4195	0.387
4621	0.387
2986	0.387
4697	0.387
5193	0.386
4419	0.386
431 	0.386
4822	0.386
2953	0.386
3044	0.386
2321	0.385
507 	0.385
1805	0.385
559 	0.385
4030	0.385
3618	0.384
925 	0.384
4193	0.384
2650	0.384
1590	0.384
2234	0.384
2104	0.383
4900	0.383
4653	0.383
4636	0.383
1973	0.383
5113	0.383
3167	0.383
3117	0.382
4449	0.382
1650	0.382
3449	0.382
3363	0.382
3982	0.382
2911	0.381
3592	0.381
2172	0.381
4627	0.381
419 	0.381
1736	0.38
2020	0.38
1886	0.38
4267	0.38
4326	0.379
4463	0.379
3446	0.379
1462	0.379
4649	0.379
4490	0.378
2865	0.378
2735	0.378
2477	0.378
1098	0.378
774 	0.378
3004	0.378
4068	0.378
4335	0.378
4709	0.377
5184	0.377
2275	0.377
1987	0.377
1537	0.377
4453	0.377
2397	0.376
2818	0.376
3928	0.375
4342	0.375
2354	0.375
2264	0.375
4228	0.375
1475	0.375
3271	0.375
466 	0.374
742 	0.374
1653	0.374
4223	0.374
4112	0.374
66  	0.374
2969	0.374
1146	0.373
2683	0.373
1235	0.373
794 	0.373
1599	0.372
2880	0.372
4625	0.372
2296	0.372
1334	0.372
4635	0.371
3986	0.371
4474	0.371
4351	0.371
2000	0.371
1246	0.371
2491	0.37
2191	0.37
1867	0.37
2147	0.37
4423	0.369
2604	0.369
4105	0.368
4347	0.368
5023	0.368
2816	0.368
4622	0.368
654 	0.368
3815	0.368
2013	0.368
4284	0.368
3910	0.368
3014	0.367
2377	0.367
4514	0.367
3853	0.367
3954	0.367
4199	0.367
4325	0.367
4217	0.367
4353	0.367
3006	0.366
4005	0.366
4544	0.366
1408	0.366
2274	0.366
3920	0.365
2290	0.365
1202	0.365
4501	0.365
2677	0.365
2869	0.365
4426	0.365
1811	0.365
4055	0.365
2558	0.365
4004	0.365
4052	0.365
4286	0.365
2054	0.364
1818	0.364
3023	0.363
4819	0.363
4053	0.363
2688	0.363
3998	0.363
3484	0.363
4468	0.363
4376	0.363
4339	0.363
685 	0.363
2976	0.363
1814	0.363
4593	0.362
3990	0.362
3058	0.362
1410	0.362
4273	0.362
690 	0.362
773 	0.362
1571	0.362
4294	0.361
4189	0.361
4666	0.361
3707	0.361
4658	0.361
4295	0.361
2610	0.361
3428	0.361
2908	0.361
2758	0.361
3608	0.36
2615	0.36
2808	0.36
3713	0.36
4413	0.36
3836	0.36
3479	0.359
3111	0.359
4450	0.359
2117	0.359
3064	0.359
2647	0.359
4838	0.359
3127	0.359
3656	0.359
2509	0.359
2935	0.359
4198	0.358
2784	0.358
3043	0.358
3186	0.358
4412	0.358
1967	0.358
2666	0.357
727 	0.357
4266	0.357
4522	0.357
3101	0.357
3206	0.357
3634	0.357
737 	0.357
5190	0.357
831 	0.357
807 	0.356
4003	0.356
4087	0.356
4842	0.356
3615	0.356
2419	0.356
2607	0.356
1897	0.355
1885	0.355
4447	0.355
3480	0.355
1233	0.355
3948	0.355
3134	0.354
4680	0.354
3110	0.354
1324	0.354
2970	0.354
1352	0.353
4316	0.353
3071	0.353
675 	0.353
4411	0.353
4663	0.353
1318	0.353
4310	0.353
3638	0.353
2084	0.353
1718	0.353
2251	0.352
2888	0.352
4667	0.352
4878	0.352
2861	0.352
1708	0.352
3010	0.352
1723	0.351
2205	0.351
3182	0.351
4472	0.351
2635	0.351
3667	0.351
2780	0.351
3870	0.35
4044	0.35
2048	0.35
543 	0.35
1634	0.35
1488	0.35
2974	0.35
2323	0.35
4901	0.349
5189	0.349
731 	0.349
1887	0.349
4307	0.349
1220	0.348
3892	0.348
56  	0.348
1482	0.348
1587	0.348
2024	0.348
587 	0.348
2973	0.348
4723	0.348
2341	0.348
1627	0.347
4496	0.347
449 	0.347
4424	0.347
4861	0.347
929 	0.346
1276	0.346
4042	0.346
1643	0.346
1306	0.346
2897	0.346
2195	0.346
4443	0.346
2500	0.345
3221	0.345
1848	0.345
1661	0.345
4741	0.345
4287	0.345
1948	0.345
1057	0.345
1639	0.345
760 	0.345
3067	0.344
4303	0.344
2449	0.344
1620	0.344
2616	0.343
600 	0.343
2027	0.343
2991	0.343
3668	0.343
4689	0.343
1349	0.343
4370	0.342
1665	0.342
3272	0.342
3238	0.342
895 	0.342
1290	0.342
1642	0.341
3542	0.341
2025	0.341
1307	0.341
2913	0.341
886 	0.341
2421	0.341
2594	0.34
2247	0.34
2365	0.34
1577	0.34
2186	0.34
1565	0.34
2698	0.34
754 	0.34
3740	0.34
3126	0.34
2215	0.34
3902	0.34
3225	0.34
1039	0.34
1143	0.34
1314	0.34
2792	0.34
2975	0.34
4588	0.339
1321	0.339
4242	0.339
1523	0.339
1510	0.339
2387	0.339
3220	0.338
4065	0.338
5214	0.338
4425	0.337
4508	0.337
4652	0.337
3731	0.337
2052	0.337
3585	0.337
2890	0.337
1766	0.337
2899	0.337
4600	0.336
4116	0.336
4224	0.336
2236	0.336
4871	0.335
3925	0.335
4942	0.335
2802	0.335
1596	0.335
4029	0.335
2708	0.334
758 	0.334
4662	0.334
2126	0.334
2996	0.334
3107	0.334
3038	0.334
2691	0.334
763 	0.334
4371	0.334
1903	0.334
1871	0.334
3863	0.333
2871	0.333
1020	0.333
4877	0.333
2458	0.333
2697	0.333
2466	0.333
1573	0.332
3219	0.332
1717	0.332
358 	0.332
2257	0.332
1713	0.332
2014	0.332
4048	0.332
3047	0.332
4678	0.332
4952	0.332
3005	0.332
5211	0.332
602 	0.331
1801	0.331
4128	0.331
4700	0.331
1847	0.331
3512	0.331
3889	0.331
1882	0.331
4432	0.331
4834	0.33
568 	0.33
1673	0.33
1183	0.33
3440	0.33
3556	0.33
3179	0.33
3455	0.33
2959	0.33
2833	0.329
4103	0.329
4011	0.329
3989	0.329
3375	0.329
4743	0.329
2325	0.329
3406	0.329
1706	0.329
5039	0.329
3963	0.328
2667	0.328
3620	0.328
2113	0.328
1815	0.328
3074	0.328
3387	0.328
4104	0.327
1325	0.327
634 	0.327
2960	0.327
1394	0.327
1770	0.326
2617	0.326
2424	0.326
3177	0.326
2627	0.326
3093	0.326
3544	0.325
847 	0.325
646 	0.325
3158	0.325
3102	0.325
2166	0.325
4012	0.325
2719	0.325
1554	0.325
1227	0.325
2444	0.324
1350	0.324
3400	0.324
1261	0.324
2928	0.324
2645	0.324
4439	0.324
4721	0.324
1823	0.323
1348	0.323
5029	0.323
2324	0.323
4296	0.323
973 	0.323
3546	0.323
3970	0.322
4577	0.322
2153	0.322
4714	0.322
4811	0.322
2841	0.322
2827	0.322
4305	0.322
1876	0.322
2664	0.321
3898	0.321
1636	0.321
1693	0.321
2906	0.321
2367	0.321
3690	0.321
3553	0.321
2938	0.321
1456	0.321
926 	0.321
1824	0.321
1860	0.321
2291	0.32
3591	0.32
1133	0.32
1761	0.32
3596	0.32
3069	0.32
2069	0.32
1608	0.32
3419	0.32
3254	0.319
3655	0.319
1792	0.319
2522	0.319
2731	0.319
1109	0.319
2567	0.319
4459	0.319
3239	0.319
2864	0.319
4151	0.319
2998	0.319
3888	0.319
3814	0.319
3595	0.318
3066	0.318
1825	0.318
4127	0.318
751 	0.318
3442	0.318
4152	0.317
4603	0.317
821 	0.317
3717	0.317
2422	0.317
1664	0.317
1618	0.317
873 	0.317
3445	0.317
2073	0.317
3125	0.317
2459	0.317
2903	0.317
1029	0.316
4957	0.316
2968	0.316
4572	0.316
2003	0.316
1893	0.316
5201	0.316
2110	0.316
1640	0.316
2983	0.316
4931	0.316
1264	0.316
2560	0.315
2430	0.315
4485	0.315
4637	0.315
4205	0.315
1347	0.315
3504	0.315
1384	0.314
3414	0.314
5215	0.314
3626	0.314
1854	0.314
4108	0.314
1826	0.314
3654	0.314
3514	0.314
3298	0.314
2010	0.314
1205	0.313
1238	0.313
2739	0.313
506 	0.313
2328	0.313
4120	0.313
5210	0.313
4993	0.313
2157	0.313
2082	0.313
2238	0.313
2956	0.313
5212	0.313
3304	0.313
2496	0.313
2345	0.313
4554	0.313
4763	0.313
1832	0.312
2794	0.312
4555	0.312
3267	0.312
3869	0.311
1363	0.311
2907	0.311
2331	0.311
4297	0.31
4040	0.31
2768	0.31
601 	0.31
1542	0.31
4155	0.31
3430	0.31
1095	0.31
1310	0.31
2433	0.31
1138	0.31
3609	0.31
1433	0.309
2128	0.309
2591	0.309
1526	0.309
3555	0.309
4464	0.309
2143	0.309
4257	0.309
3199	0.308
1111	0.308
4451	0.308
2687	0.308
2863	0.308
4535	0.308
4165	0.308
1695	0.308
1329	0.308
1157	0.308
5195	0.308
196 	0.308
398 	0.307
4738	0.307
4687	0.307
4357	0.307
4683	0.307
4427	0.307
3308	0.307
3518	0.307
3505	0.307
3571	0.307
1682	0.307
3258	0.307
4445	0.306
3691	0.306
1136	0.306
2873	0.306
1262	0.306
3052	0.306
4132	0.306
4484	0.306
3800	0.306
753 	0.306
2819	0.306
2783	0.306
1575	0.305
2517	0.305
4341	0.305
4895	0.305
1745	0.305
2229	0.305
2503	0.305
4244	0.305
4499	0.305
1294	0.305
2771	0.304
1144	0.304
3594	0.304
2978	0.304
4462	0.304
5194	0.304
1127	0.304
4696	0.304
4026	0.304
1355	0.304
1754	0.304
3958	0.303
5198	0.303
4331	0.303
2954	0.303
2359	0.303
2230	0.303
3433	0.303
2329	0.303
2276	0.303
1343	0.303
1069	0.303
3491	0.302
657 	0.302
3704	0.302
1773	0.302
2222	0.302
940 	0.302
1099	0.302
3319	0.302
3919	0.302
4538	0.302
3631	0.302
4250	0.302
2570	0.302
3411	0.301
2318	0.301
1279	0.301
843 	0.301
1303	0.301
523 	0.301
2384	0.301
2955	0.301
2820	0.301
100 	0.301
2770	0.3
3809	0.3
2526	0.3
1949	0.3
1075	0.3
1106	0.3
4745	0.3
3078	0.3
995 	0.3
4781	0.3
4091	0.3
2805	0.3
2826	0.3
3545	0.3
4547	0.299
2551	0.299
1982	0.299
3932	0.299
2408	0.299
4583	0.299
835 	0.299
4915	0.299
2445	0.299
3786	0.299
2626	0.299
3347	0.299
1194	0.299
2302	0.298
3162	0.298
1888	0.298
1337	0.298
1269	0.298
1259	0.298
1085	0.298
1023	0.298
2244	0.298
1074	0.297
2653	0.297
2825	0.297
2862	0.297
3574	0.297
4043	0.297
4358	0.297
3496	0.297
2898	0.297
4096	0.297
3974	0.297
1970	0.297
4418	0.297
848 	0.297
5202	0.297
1241	0.297
621 	0.297
2884	0.297
593 	0.297
2019	0.296
2196	0.296
2298	0.296
3979	0.296
3431	0.296
2875	0.296
1287	0.296
4478	0.296
4543	0.296
3457	0.296
2803	0.296
1619	0.296
4530	0.295
2452	0.295
2011	0.295
2642	0.295
4561	0.295
3695	0.295
659 	0.295
1788	0.295
4844	0.295
3561	0.294
3508	0.294
858 	0.294
3530	0.294
1299	0.294
2674	0.294
2549	0.294
2971	0.294
3657	0.294
3235	0.294
3579	0.293
643 	0.293
4926	0.293
2877	0.293
2646	0.293
2746	0.293
816 	0.293
1780	0.293
3451	0.293
2463	0.293
3549	0.293
1236	0.293
3380	0.293
4444	0.292
1656	0.292
3843	0.292
1164	0.292
2486	0.292
2194	0.292
1081	0.292
1844	0.292
4628	0.292
2872	0.292
1598	0.292
3223	0.292
2161	0.292
1436	0.292
969 	0.292
2843	0.292
3084	0.291
1420	0.291
4188	0.291
3077	0.291
2874	0.291
4101	0.291
947 	0.291
2494	0.29
3764	0.29
573 	0.29
3550	0.29
2614	0.29
3483	0.29
2535	0.29
3577	0.29
528 	0.29
2849	0.29
2715	0.29
1902	0.29
4279	0.29
3763	0.29
2672	0.29
1056	0.289
2163	0.289
2900	0.289
5204	0.289
953 	0.289
4365	0.289
1339	0.289
1455	0.289
958 	0.289
2373	0.289
1992	0.288
1986	0.288
2997	0.288
2696	0.288
3907	0.288
4422	0.288
3463	0.288
3938	0.288
2231	0.288
1880	0.288
453 	0.288
3360	0.288
1651	0.287
3940	0.287
4336	0.287
1016	0.287
4175	0.287
2093	0.287
4608	0.287
1228	0.287
2788	0.287
3302	0.287
4192	0.287
783 	0.287
3292	0.287
4505	0.287
1204	0.286
2850	0.286
1322	0.286
4787	0.286
2720	0.286
4623	0.286
1767	0.286
1328	0.286
2293	0.286
2987	0.286
961 	0.286
2764	0.285
1813	0.285
3720	0.285
4402	0.285
4013	0.285
3942	0.285
4502	0.285
1429	0.285
5047	0.285
3999	0.285
4309	0.285
2580	0.285
2713	0.285
1015	0.284
4473	0.284
2030	0.284
4703	0.284
3136	0.284
3548	0.284
2606	0.284
3417	0.283
1430	0.283
4920	0.283
3641	0.283
3899	0.283
771 	0.283
4865	0.283
859 	0.283
1991	0.283
2652	0.283
743 	0.283
2539	0.283
4719	0.283
2797	0.283
4232	0.283
1250	0.282
3408	0.282
2362	0.282
4306	0.282
3732	0.282
3856	0.282
3207	0.282
3132	0.282
4509	0.282
1738	0.281
3082	0.281
3911	0.281
519 	0.281
684 	0.281
906 	0.281
2932	0.281
2982	0.281
3231	0.28
3329	0.28
951 	0.28
3515	0.28
1117	0.28
1390	0.28
1025	0.28
2562	0.28
4557	0.28
3079	0.28
2705	0.28
3537	0.28
4824	0.28
2571	0.28
558 	0.28
2023	0.28
2699	0.279
2807	0.279
1319	0.279
3355	0.279
2046	0.279
1822	0.279
4380	0.279
1898	0.279
4414	0.278
2748	0.278
2814	0.278
1413	0.278
2883	0.278
1309	0.278
1694	0.277
3051	0.277
937 	0.277
1191	0.277
3478	0.277
1784	0.277
4717	0.277
3202	0.277
2977	0.277
3494	0.277
3086	0.277
4253	0.277
1012	0.277
1199	0.276
1280	0.276
1425	0.276
814 	0.276
4510	0.276
2115	0.276
2630	0.276
3607	0.276
5018	0.275
3401	0.275
2912	0.275
4921	0.275
2878	0.275
2245	0.275
4208	0.275
993 	0.275
1690	0.275
2879	0.274
1439	0.274
923 	0.273
2269	0.273
3785	0.273
1858	0.273
3734	0.273
3527	0.273
772 	0.273
810 	0.272
4511	0.272
3837	0.272
3133	0.272
3041	0.272
4186	0.272
631 	0.272
2694	0.272
2339	0.271
4362	0.271
3454	0.271
371 	0.271
4403	0.271
4066	0.271
660 	0.271
2464	0.271
3316	0.271
4961	0.27
2595	0.27
4074	0.27
1354	0.27
3032	0.27
4639	0.27
3013	0.27
759 	0.27
1224	0.27
2659	0.27
3500	0.269
291 	0.269
1182	0.269
1377	0.269
955 	0.269
4550	0.269
2136	0.269
3062	0.269
1400	0.269
2061	0.269
3650	0.269
3769	0.269
3952	0.269
3350	0.269
2467	0.268
1041	0.268
2366	0.268
4369	0.268
3097	0.268
237 	0.268
4168	0.268
520 	0.268
4640	0.268
4452	0.268
524 	0.268
3230	0.268
4955	0.268
1335	0.268
1326	0.267
3226	0.267
2249	0.267
2727	0.267
888 	0.267
2917	0.267
2760	0.267
999 	0.267
607 	0.267
3876	0.267
1739	0.267
1759	0.267
693 	0.266
1210	0.266
1043	0.266
3612	0.266
1816	0.266
4559	0.266
576 	0.266
2243	0.266
2214	0.266
3381	0.266
1066	0.266
1226	0.266
1091	0.266
4227	0.266
4967	0.266
2776	0.265
2177	0.265
3313	0.265
545 	0.265
2966	0.265
4259	0.265
4612	0.265
3198	0.265
2811	0.265
2039	0.265
3330	0.265
2097	0.264
729 	0.264
1293	0.264
3977	0.264
1397	0.264
2743	0.264
3346	0.264
2599	0.264
1920	0.264
3348	0.264
3913	0.264
1662	0.264
1201	0.264
1011	0.264
2636	0.264
1186	0.264
3675	0.264
1141	0.264
3461	0.264
3613	0.264
3564	0.263
5206	0.263
586 	0.263
2995	0.263
2851	0.263
1171	0.263
726 	0.263
956 	0.263
2889	0.263
5141	0.263
5012	0.263
1798	0.263
4512	0.263
1340	0.263
870 	0.262
4204	0.262
3959	0.262
3729	0.262
1002	0.262
4381	0.262
2922	0.262
2985	0.262
3140	0.262
676 	0.262
2835	0.262
1749	0.262
1729	0.262
708 	0.262
3469	0.262
2681	0.262
1795	0.262
3002	0.262
3649	0.261
1198	0.261
630 	0.261
1278	0.261
2839	0.261
2099	0.261
3861	0.261
4138	0.261
924 	0.261
3560	0.261
2852	0.26
4539	0.26
1248	0.26
4762	0.26
852 	0.26
578 	0.26
1072	0.26
5015	0.26
3326	0.26
3771	0.26
976 	0.26
2263	0.26
2592	0.26
2105	0.26
3249	0.259
1108	0.259
1341	0.259
1558	0.259
4919	0.259
2442	0.259
1918	0.259
3367	0.259
4542	0.259
1771	0.259
4881	0.259
541 	0.259
4338	0.258
1725	0.258
792 	0.258
4867	0.258
1010	0.258
3490	0.258
4852	0.258
261 	0.258
517 	0.258
2657	0.258
1962	0.257
1409	0.257
1162	0.257
1217	0.257
3048	0.257
496 	0.257
4330	0.257
2716	0.257
3880	0.257
4966	0.257
4185	0.256
2460	0.256
4125	0.256
1710	0.256
2718	0.256
932 	0.256
1428	0.256
633 	0.256
491 	0.256
3361	0.256
2980	0.255
2629	0.255
4829	0.255
1019	0.255
166 	0.255
3345	0.255
1094	0.255
3001	0.255
1894	0.255
4558	0.255
1748	0.255
2957	0.254
4633	0.254
984 	0.254
3383	0.254
4073	0.254
912 	0.254
1038	0.253
4407	0.253
3336	0.253
2313	0.253
4602	0.253
3114	0.253
2712	0.253
1985	0.253
4194	0.253
1892	0.253
677 	0.253
259 	0.253
4315	0.253
3871	0.252
1935	0.252
1760	0.252
1142	0.252
2925	0.252
1976	0.252
2633	0.252
1165	0.252
3637	0.252
4882	0.252
915 	0.252
1921	0.252
3839	0.252
1733	0.252
4731	0.251
914 	0.251
798 	0.251
1790	0.251
1158	0.251
3538	0.251
1177	0.251
4480	0.251
3156	0.251
2777	0.251
4681	0.251
3331	0.25
2569	0.25
2804	0.25
2660	0.25
4020	0.25
552 	0.25
2094	0.25
877 	0.25
2201	0.25
4576	0.25
3950	0.249
2197	0.249
3988	0.249
3088	0.249
2800	0.249
1414	0.249
1830	0.249
608 	0.249
3322	0.249
4848	0.249
1746	0.249
2611	0.249
4654	0.249
4234	0.249
2455	0.248
3011	0.248
1331	0.248
1968	0.248
1088	0.248
1050	0.248
2121	0.248
809 	0.248
4677	0.247
2261	0.247
553 	0.247
3135	0.247
2472	0.247
4507	0.247
1387	0.247
3903	0.247
4406	0.247
3076	0.247
1200	0.246
4246	0.246
1351	0.246
3767	0.246
1145	0.246
857 	0.246
4638	0.246
1115	0.246
2838	0.246
1951	0.246
2180	0.246
1172	0.246
988 	0.245
3289	0.245
2757	0.245
5009	0.245
1305	0.245
3849	0.245
3318	0.245
2106	0.245
4991	0.245
2227	0.245
2070	0.245
1037	0.244
2586	0.244
3727	0.244
4249	0.244
1239	0.244
3130	0.244
2786	0.244
823 	0.244
4897	0.244
4937	0.244
1362	0.243
4668	0.243
632 	0.243
4541	0.243
1926	0.243
2702	0.243
1820	0.243
3581	0.243
2561	0.242
3702	0.242
2741	0.242
5077	0.242
2809	0.242
5159	0.242
2520	0.242
828 	0.242
4660	0.241
4021	0.241
3377	0.241
2769	0.241
4644	0.241
2867	0.241
3492	0.241
3481	0.241
1655	0.241
2337	0.24
4107	0.24
4237	0.24
2658	0.24
4885	0.24
3297	0.24
4907	0.24
2568	0.24
2576	0.24
892 	0.239
488 	0.239
4746	0.239
4025	0.239
1361	0.239
3205	0.239
5163	0.239
3770	0.239
2074	0.238
3623	0.238
1176	0.238
2651	0.238
4609	0.238
1391	0.237
4568	0.237
620 	0.237
1853	0.237
2058	0.237
1946	0.237
2198	0.237
1896	0.236
4141	0.236
801 	0.236
1031	0.236
3825	0.236
547 	0.236
2644	0.235
1080	0.235
1447	0.235
4949	0.235
1009	0.235
833 	0.235
1592	0.235
836 	0.234
3584	0.234
4251	0.234
3024	0.234
829 	0.234
865 	0.234
678 	0.233
2350	0.232
1147	0.232
2924	0.232
494 	0.232
3314	0.232
1087	0.232
2967	0.232
4518	0.231
1178	0.231
3243	0.23
1856	0.23
2527	0.23
2600	0.23
533 	0.23
3672	0.23
3646	0.23
596 	0.23
4172	0.23
1381	0.23
527 	0.229
844 	0.229
1679	0.229
157 	0.229
5121	0.228
3081	0.228
3955	0.227
1152	0.227
2482	0.227
456 	0.227
3338	0.227
832 	0.227
1541	0.227
3106	0.227
813 	0.227
4947	0.226
2724	0.226
4386	0.226
2523	0.225
4875	0.225
500 	0.224
626 	0.224
5072	0.224
2435	0.224
3616	0.224
3768	0.224
4854	0.223
4356	0.223
3073	0.222
689 	0.222
3528	0.222
1931	0.222
1940	0.222
4409	0.222
4288	0.221
776 	0.22
658 	0.22
104 	0.219
3854	0.219
3782	0.219
1954	0.219
2334	0.219
4968	0.218
4348	0.217
629 	0.217
1579	0.216
3633	0.215
1148	0.214
5008	0.212
694 	0.212
717 	0.21
3507	0.21
2828	0.21
2292	0.209
2553	0.206
375 	0.203
159 	0.203
3798	0.199
5112	0.198
738 	0.194
3317	0.194
747 	0.19
10  	0.182
4954	0.163

Signal C
5013	1.0
5118	0.986
5064	0.979
5068	0.975
5126	0.97
2554	0.953
5049	0.948
5048	0.915
5006	0.911
5095	0.91
5120	0.905
2414	0.899
5088	0.893
5033	0.893
5045	0.891
5010	0.89
5177	0.887
5022	0.885
5130	0.885
5111	0.882
5084	0.882
5178	0.873
5138	0.872
4960	0.863
5182	0.859
5179	0.857
5101	0.855
4252	0.855
5078	0.853
5122	0.849
4976	0.848
5091	0.844
2729	0.843
5042	0.842
5060	0.842
5117	0.84
4321	0.84
4975	0.84
5114	0.837
4958	0.835
5104	0.832
5038	0.83
5105	0.829
5124	0.829
5061	0.829
5073	0.828
5106	0.828
5044	0.827
5131	0.825
4912	0.823
5085	0.822
5110	0.822
5168	0.821
5100	0.82
5059	0.819
5063	0.818
5055	0.817
5067	0.817
5092	0.817
4225	0.816
5107	0.815
5074	0.815
5083	0.815
5093	0.814
5119	0.813
5025	0.813
5087	0.813
5035	0.811
5086	0.811
5032	0.809
5041	0.808
5162	0.805
5026	0.805
5034	0.803
5097	0.802
5056	0.802
4914	0.8
5062	0.799
5076	0.799
5052	0.796
5054	0.796
5027	0.796
5016	0.795
5145	0.792
5036	0.792
5144	0.792
5053	0.792
4979	0.791
1895	0.788
4973	0.787
5021	0.786
5024	0.784
4997	0.784
5069	0.783
3396	0.783
4436	0.781
4260	0.776
5123	0.775
5051	0.767
5040	0.765
5058	0.765
5031	0.762
5030	0.758
5020	0.756
5148	0.756
4998	0.754
5161	0.753
4495	0.753
2206	0.752
4247	0.752
5002	0.749
4391	0.745
2488	0.739
1737	0.737
4910	0.735
5046	0.731
5017	0.728
5187	0.727
3696	0.723
5133	0.722
5043	0.716
5028	0.714
4999	0.714
5037	0.712
5089	0.71
5160	0.703
2943	0.689
5156	0.674
4471	0.673
4389	0.666
2945	0.66
5135	0.658
2356	0.656
4383	0.655
4519	0.654
2209	0.648
5070	0.647
5176	0.643
5075	0.638
5080	0.637
4521	0.633
5098	0.632
4546	0.631
5165	0.63
2021	0.617
4164	0.614
5082	0.611
5090	0.603
4437	0.6
5146	0.6
5143	0.6
4470	0.6
4461	0.596
4487	0.594
3877	0.593
1451	0.592
5057	0.589
4789	0.587
5125	0.587
5116	0.583
5094	0.571
748 	0.571
4963	0.563
4243	0.561
3807	0.559
5019	0.555
4497	0.552
5109	0.55
5137	0.547
4548	0.542
5183	0.534
4520	0.53
4329	0.527
4390	0.526
5115	0.526
5129	0.523
4477	0.521
5149	0.517
5174	0.515
1500	0.507
5134	0.505
1505	0.504
4261	0.503
4911	0.501
5128	0.496
5152	0.496
4783	0.495
5170	0.495
1501	0.495
2583	0.492
3498	0.484
5147	0.484
4429	0.48
5157	0.479
4695	0.477
4142	0.473
5142	0.472
4779	0.469
4707	0.469
4597	0.468
4159	0.466
4698	0.465
1467	0.464
1492	0.462
2495	0.461
5154	0.459
4197	0.458
4396	0.456
2714	0.453
1536	0.451
3593	0.448
2707	0.448
4276	0.446
1527	0.445
4995	0.445
2704	0.444
4131	0.444
1491	0.442
3891	0.441
4196	0.44
2649	0.44
4024	0.437
3875	0.436
3016	0.435
3833	0.434
3605	0.433
4401	0.429
4598	0.428
4010	0.428
3203	0.426
3439	0.426
3368	0.426
3370	0.425
2448	0.422
4785	0.422
4626	0.422
1035	0.421
2717	0.418
4959	0.417
1119	0.414
4778	0.413
4755	0.412
1908	0.411
4119	0.409
4909	0.406
2668	0.404
4271	0.401
2457	0.4
4712	0.399
3105	0.399
4727	0.395
4767	0.395
5181	0.393
4632	0.39
2951	0.389
5175	0.388
4634	0.387
5103	0.386
4928	0.385
4118	0.383
3448	0.382
1493	0.381
1953	0.376
3121	0.376
4483	0.374
2436	0.374
2462	0.372
5173	0.372
2559	0.372
3227	0.372
797 	0.372
4489	0.371
4117	0.371
5140	0.37
2515	0.37
4934	0.368
4671	0.367
2573	0.367
4802	0.367
1980	0.366
5169	0.366
68  	0.363
2168	0.363
2984	0.363
3893	0.362
3096	0.361
2824	0.36
1487	0.359
3116	0.359
3482	0.358
2854	0.358
2307	0.358
1857	0.357
3398	0.354
1417	0.353
1906	0.353
1875	0.353
3806	0.352
707 	0.351
5171	0.35
4469	0.35
4643	0.35
1775	0.349
4701	0.349
2761	0.347
2375	0.346
4805	0.345
2597	0.345
3263	0.344
2212	0.343
2767	0.343
3896	0.342
2311	0.342
3191	0.342
1601	0.342
4923	0.342
3192	0.341
3365	0.341
4563	0.341
4776	0.34
4455	0.34
2461	0.34
4730	0.338
2440	0.338
4918	0.337
2335	0.337
1943	0.335
5150	0.335
3586	0.333
3337	0.333
2438	0.333
1600	0.333
2118	0.332
5153	0.332
3563	0.331
1265	0.33
4400	0.33
4726	0.33
4014	0.33
4610	0.329
4567	0.329
2450	0.329
4460	0.328
4933	0.328
1258	0.327
2556	0.326
3651	0.326
1311	0.325
2388	0.325
4619	0.325
4475	0.324
2593	0.324
1169	0.324
2787	0.323
4269	0.323
2183	0.323
1496	0.323
3434	0.322
2398	0.322
2279	0.321
2392	0.32
2344	0.32
2663	0.32
4896	0.32
3382	0.319
3061	0.319
2513	0.318
1617	0.318
2538	0.318
4274	0.318
3697	0.318
2755	0.318
1850	0.317
4200	0.317
2385	0.316
1083	0.316
3752	0.316
3706	0.316
706 	0.315
4782	0.315
3908	0.314
4382	0.314
4757	0.314
2310	0.314
716 	0.314
2678	0.314
3027	0.313
4725	0.312
2412	0.311
2582	0.309
3997	0.308
3832	0.308
4213	0.308
4690	0.307
3813	0.307
4713	0.307
590 	0.306
4768	0.306
4516	0.306
4777	0.306
800 	0.305
3751	0.305
4454	0.304
5005	0.304
4399	0.304
1907	0.303
4806	0.303
3827	0.303
2817	0.303
3488	0.303
3777	0.303
2125	0.302
4977	0.301
2389	0.3
3736	0.3
4760	0.3
149 	0.3
4067	0.299
1609	0.299
2949	0.299
1712	0.298
4545	0.298
3929	0.297
3349	0.297
3388	0.297
4971	0.296
4672	0.296
4275	0.296
212 	0.296
2416	0.296
2122	0.295
2295	0.295
3183	0.295
4702	0.295
3385	0.295
2608	0.294
2749	0.294
2273	0.294
4504	0.294
2766	0.294
1033	0.294
2563	0.294
2158	0.294
2267	0.293
2726	0.293
1863	0.293
4935	0.293
139 	0.293
2304	0.293
4169	0.293
3759	0.292
2120	0.292
4708	0.292
4751	0.292
4916	0.292
4140	0.292
2934	0.291
3711	0.291
4157	0.291
2271	0.291
2948	0.291
2208	0.29
3801	0.29
2937	0.29
4292	0.29
4827	0.29
1184	0.29
1312	0.29
4238	0.29
3725	0.289
18  	0.289
2330	0.289
4163	0.289
3749	0.289
3580	0.288
4770	0.288
4795	0.288
2521	0.288
4149	0.287
362 	0.287
2548	0.287
2162	0.287
3699	0.287
3673	0.287
3799	0.286
17  	0.286
3684	0.286
1975	0.286
5151	0.285
2164	0.285
1237	0.285
3872	0.285
4378	0.284
1032	0.284
2605	0.283
2753	0.283
4801	0.283
4498	0.283
4575	0.282
2837	0.282
2280	0.282
881 	0.282
2361	0.281
1658	0.281
2939	0.281
2299	0.281
3789	0.281
818 	0.281
3357	0.28
3831	0.28
3819	0.279
2485	0.279
4929	0.279
3964	0.278
4799	0.278
3661	0.277
5164	0.277
2637	0.277
3723	0.277
3803	0.276
2469	0.276
2910	0.276
4618	0.276
4938	0.276
3931	0.275
3852	0.275
3947	0.275
3866	0.275
4720	0.275
2933	0.275
3776	0.274
2192	0.274
4927	0.274
3700	0.274
4807	0.274
4503	0.274
4442	0.274
3773	0.273
5166	0.273
4528	0.273
2338	0.273
3754	0.273
4771	0.272
4753	0.272
3189	0.272
4581	0.272
2382	0.272
3532	0.272
2165	0.272
4944	0.272
4001	0.272
2306	0.271
243 	0.271
2038	0.271
4984	0.271
4676	0.271
1251	0.27
2400	0.27
3264	0.27
2346	0.269
2930	0.269
3429	0.269
3554	0.269
4488	0.269
3868	0.269
4716	0.269
4758	0.268
4139	0.268
2439	0.268
244 	0.268
3774	0.268
3604	0.267
3614	0.267
3864	0.267
175 	0.267
4161	0.267
2504	0.267
3874	0.266
4035	0.266
1315	0.266
3677	0.266
1647	0.266
2914	0.265
3812	0.265
4892	0.265
4368	0.265
2528	0.264
2297	0.264
2294	0.264
2853	0.263
4135	0.263
4100	0.263
3472	0.263
94  	0.262
4704	0.262
992 	0.262
2252	0.262
2042	0.262
3835	0.262
1092	0.261
3261	0.261
3733	0.261
2544	0.26
3791	0.26
2695	0.26
3665	0.26
1034	0.26
4940	0.26
4506	0.259
2078	0.259
1188	0.258
1249	0.258
1864	0.257
3195	0.257
3745	0.257
2268	0.257
91  	0.257
300 	0.257
247 	0.256
1096	0.256
4486	0.256
5185	0.256
4552	0.256
3817	0.256
4693	0.255
1308	0.255
181 	0.255
3739	0.255
4688	0.255
3747	0.255
3438	0.254
2336	0.254
5186	0.254
3748	0.253
4090	0.253
1214	0.253
2353	0.253
4744	0.252
176 	0.252
4953	0.252
862 	0.252
20  	0.251
4216	0.251
1884	0.251
4939	0.251
1460	0.251
2655	0.25
4605	0.25
4694	0.25
2798	0.25
2470	0.25
1919	0.25
1978	0.25
4094	0.249
2752	0.249
2092	0.249
2631	0.249
3804	0.249
3659	0.249
974 	0.249
2171	0.249
1843	0.249
2782	0.249
1167	0.249
4049	0.248
3525	0.248
592 	0.248
3756	0.248
273 	0.248
1831	0.247
3712	0.247
4190	0.247
4431	0.247
2286	0.247
4113	0.247
1881	0.247
4965	0.247
4673	0.246
3701	0.246
4784	0.246
2401	0.246
2308	0.246
3222	0.246
4191	0.246
725 	0.245
3858	0.244
3708	0.244
1030	0.244
4394	0.244
4079	0.244
4212	0.244
4281	0.244
2077	0.244
2602	0.244
295 	0.243
3971	0.243
4313	0.243
1865	0.243
1683	0.243
733 	0.242
2237	0.242
4917	0.242
3796	0.242
4718	0.242
286 	0.242
3772	0.242
4111	0.242
827 	0.242
1027	0.242
1983	0.242
2403	0.242
1578	0.242
155 	0.242
1374	0.242
219 	0.242
2355	0.242
2498	0.241
4772	0.241
1568	0.241
1295	0.241
4203	0.241
997 	0.241
1431	0.24
1861	0.24
3035	0.24
396 	0.24
4728	0.239
1952	0.239
2609	0.239
2813	0.239
4773	0.239
4095	0.238
245 	0.238
3808	0.238
3937	0.238
2919	0.238
1079	0.238
4059	0.238
3269	0.237
530 	0.237
1160	0.237
1959	0.237
4397	0.237
2034	0.237
1028	0.237
1346	0.237
4810	0.237
2202	0.237
1977	0.237
2601	0.237
1375	0.237
1979	0.236
963 	0.236
4129	0.236
1461	0.236
2574	0.236
1263	0.236
718 	0.236
2369	0.236
2075	0.236
1219	0.236
2684	0.236
2349	0.236
4611	0.235
3197	0.235
230 	0.235
1873	0.235
58  	0.235
2394	0.235
4148	0.235
2417	0.235
1404	0.234
679 	0.234
4809	0.234
1086	0.234
3718	0.234
959 	0.234
354 	0.234
1750	0.233
333 	0.233
4183	0.233
2139	0.233
4209	0.233
4764	0.233
3166	0.233
12  	0.233
3761	0.233
1478	0.232
3059	0.232
1845	0.232
4379	0.232
3129	0.232
2277	0.232
171 	0.231
1470	0.231
4456	0.231
4122	0.231
4729	0.231
390 	0.231
4110	0.23
2896	0.23
293 	0.23
4724	0.23
681 	0.23
1077	0.23
2578	0.229
2386	0.229
172 	0.229
251 	0.228
4589	0.228
1787	0.228
2518	0.228
93  	0.228
1829	0.227
239 	0.227
3174	0.227
4734	0.227
4085	0.227
4270	0.227
1101	0.227
238 	0.227
2145	0.226
3356	0.226
4115	0.226
1300	0.226
3762	0.226
2603	0.226
2114	0.225
3509	0.225
4398	0.224
3746	0.224
4748	0.224
4943	0.224
4092	0.224
2612	0.224
3909	0.223
1174	0.223
3332	0.223
4210	0.223
2300	0.223
4797	0.223
2425	0.223
1211	0.223
3531	0.223
1469	0.223
1266	0.223
3379	0.222
1267	0.222
5011	0.222
1762	0.222
2371	0.222
2721	0.222
1215	0.222
3164	0.222
373 	0.222
4674	0.222
3844	0.222
1912	0.222
2822	0.221
2887	0.221
317 	0.221
2703	0.221
3792	0.221
382 	0.221
318 	0.221
1271	0.221
4086	0.221
4006	0.22
4002	0.22
1195	0.219
2213	0.219
4750	0.219
1916	0.219
1330	0.219
3418	0.218
3352	0.218
2453	0.218
2327	0.218
117 	0.217
170 	0.217
1791	0.217
1163	0.217
3981	0.216
1070	0.216
1516	0.216
167 	0.216
1923	0.216
2437	0.216
3816	0.216
4515	0.216
4340	0.216
1277	0.216
4083	0.215
3460	0.215
1657	0.215
3636	0.215
2692	0.215
2255	0.215
4836	0.215
1583	0.215
3996	0.215
179 	0.215
1957	0.215
4615	0.214
670 	0.214
2941	0.214
2112	0.214
2342	0.213
292 	0.213
655 	0.213
3743	0.213
1097	0.213
4099	0.213
1392	0.213
1402	0.213
1181	0.213
2035	0.213
4218	0.213
518 	0.213
2301	0.213
802 	0.212
137 	0.212
4706	0.212
4722	0.212
2711	0.212
3031	0.212
5205	0.212
1933	0.212
1175	0.211
4050	0.211
4114	0.211
344 	0.211
840 	0.211
1051	0.211
4416	0.211
4354	0.211
2475	0.211
3755	0.21
4320	0.21
3325	0.21
4144	0.21
1602	0.21
3353	0.21
2763	0.21
4513	0.21
4361	0.21
1466	0.21
2676	0.209
853 	0.209
4786	0.209
4156	0.209
254 	0.209
2632	0.209
2916	0.209
1360	0.208
1150	0.208
4685	0.208
3788	0.207
1107	0.207
218 	0.207
903 	0.207
2662	0.207
3645	0.207
1561	0.207
1120	0.207
4075	0.206
1230	0.206
3784	0.206
353 	0.206
3026	0.206
550 	0.206
2378	0.206
3470	0.205
1889	0.205
4061	0.205
389 	0.205
2481	0.205
1156	0.205
1534	0.204
987 	0.204
2395	0.204
4031	0.204
1218	0.204
385 	0.203
1196	0.203
3692	0.203
1928	0.203
1208	0.203
2774	0.203
2823	0.203
2532	0.203
4176	0.203
4467	0.203
3443	0.202
5192	0.202
1716	0.202
2017	0.202
2109	0.202
804 	0.202
3790	0.202
241 	0.201
2700	0.201
4277	0.201
4167	0.201
3534	0.201
2123	0.201
2216	0.201
2799	0.2
2287	0.2
427 	0.2
1135	0.2
4373	0.2
3333	0.199
2272	0.199
4133	0.199
3741	0.199
3775	0.198
2675	0.198
1796	0.198
2317	0.198
2176	0.198
2542	0.198
5132	0.198
3309	0.197
2193	0.197
577 	0.197
4264	0.197
2762	0.196
4009	0.196
3862	0.196
4071	0.196
2876	0.196
3639	0.196
4417	0.196
2406	0.195
129 	0.195
1702	0.194
2628	0.194
560 	0.194
177 	0.194
4064	0.194
4774	0.194
4410	0.194
3895	0.193
2821	0.193
2239	0.193
3927	0.193
1994	0.193
2053	0.193
5139	0.193
2531	0.192
2108	0.192
2008	0.192
3943	0.192
3721	0.192
3311	0.192
2789	0.192
3682	0.192
2223	0.192
3150	0.191
1993	0.191
4076	0.191
2648	0.191
3334	0.191
4098	0.19
3859	0.19
2258	0.19
1206	0.19
850 	0.19
1170	0.19
1837	0.189
2254	0.189
4796	0.189
3321	0.189
3366	0.189
3343	0.189
1855	0.189
1611	0.188
4945	0.188
855 	0.188
5071	0.187
2305	0.187
2710	0.187
2358	0.187
2226	0.186
2640	0.186
1234	0.186
4153	0.186
4996	0.185
2765	0.185
4045	0.185
3328	0.184
2546	0.184
2882	0.184
3499	0.183
2379	0.183
583 	0.183
2801	0.182
2138	0.182
1764	0.182
4775	0.181
124 	0.18
1128	0.18
3660	0.179
3212	0.179
4613	0.179
2514	0.178
2487	0.178
4950	0.178
2431	0.176
3688	0.176
598 	0.176
4154	0.174
4710	0.174
3376	0.173
1412	0.17
3662	0.162
4300	0.16
2742	0.149
4289	0.145
2028	0.13

