Signal A
1225	1.0
4077	0.968
1053	0.939
4062	0.913
1901	0.895
4278	0.894
4124	0.884
1532	0.881
2797	0.88
4460	0.871
1021	0.869
2566	0.868
4408	0.868
2926	0.862
3423	0.855
3838	0.851
638 	0.849
562 	0.848
3495	0.843
1929	0.841
979 	0.839
3466	0.834
1278	0.834
2725	0.834
4780	0.833
2634	0.832
2886	0.831
922 	0.831
2060	0.83
3390	0.83
589 	0.828
4623	0.827
3771	0.827
3422	0.825
485 	0.824
4351	0.824
2503	0.823
3133	0.823
4881	0.823
1003	0.822
3065	0.821
879 	0.82
1114	0.819
2101	0.818
430 	0.818
11  	0.817
1125	0.816
2080	0.816
4886	0.814
4054	0.814
1800	0.814
253 	0.813
4141	0.812
2055	0.812
1430	0.811
534 	0.811
877 	0.811
4395	0.811
1674	0.81
3906	0.81
3155	0.81
4250	0.809
2586	0.809
3930	0.808
504 	0.807
552 	0.807
1335	0.806
4569	0.806
2891	0.806
1880	0.806
1503	0.805
1041	0.805
3013	0.804
4089	0.803
2281	0.803
2040	0.803
1564	0.802
3078	0.801
1348	0.801
888 	0.801
3411	0.801
3897	0.8
2947	0.8
2245	0.799
2994	0.799
1898	0.798
2885	0.797
1512	0.797
2731	0.796
2998	0.796
1055	0.796
1655	0.795
1530	0.795
2244	0.794
2303	0.793
2552	0.793
1752	0.793
965 	0.793
837 	0.793
1603	0.792
4084	0.792
2981	0.792
2150	0.791
4338	0.791
1031	0.791
1910	0.791
1113	0.79
262 	0.788
2012	0.788
715 	0.788
545 	0.788
4628	0.788
3322	0.788
4367	0.788
3080	0.787
256 	0.787
1479	0.786
123 	0.786
1349	0.786
3846	0.786
3989	0.786
3973	0.786
4447	0.786
425 	0.785
1130	0.785
1227	0.785
3387	0.785
4745	0.785
1905	0.784
1917	0.784
1672	0.784
1428	0.784
1538	0.784
958 	0.784
4058	0.783
1202	0.783
487 	0.782
4689	0.782
1572	0.782
1106	0.782
1847	0.78
2657	0.78
2933	0.78
1524	0.779
1395	0.779
4070	0.779
2688	0.779
2598	0.778
4096	0.778
1011	0.778
924 	0.778
2410	0.778
6   	0.777
460 	0.777
2376	0.777
969 	0.776
125 	0.776
1574	0.776
1190	0.775
1436	0.775
1548	0.775
2460	0.775
4560	0.775
2347	0.775
4677	0.775
4457	0.775
1504	0.773
242 	0.773
3961	0.773
789 	0.773
3258	0.773
7   	0.773
1552	0.773
355 	0.772
4749	0.772
2314	0.772
1256	0.772
1543	0.772
1122	0.772
2659	0.772
2059	0.772
1511	0.771
927 	0.771
2975	0.771
1062	0.771
3857	0.771
4384	0.771
710 	0.771
39  	0.77
4305	0.77
956 	0.77
4259	0.769
5218	0.769
787 	0.768
3618	0.768
4671	0.768
3785	0.767
535 	0.767
2428	0.767
860 	0.767
3885	0.767
1165	0.766
2235	0.766
4663	0.766
2812	0.766
3344	0.766
2445	0.766
3641	0.766
1280	0.766
4121	0.765
1890	0.765
1008	0.765
2367	0.765
553 	0.765
2013	0.765
4145	0.765
1060	0.764
405 	0.764
1226	0.764
1132	0.764
576 	0.764
1144	0.764
1309	0.764
1425	0.763
4386	0.763
3135	0.762
934 	0.762
508 	0.762
4182	0.762
1810	0.762
3076	0.762
272 	0.762
1556	0.762
1050	0.761
1654	0.761
4346	0.761
1883	0.761
202 	0.76
1038	0.76
3094	0.76
1429	0.76
549 	0.759
315 	0.759
4951	0.759
35  	0.759
1529	0.759
960 	0.759
4875	0.759
4898	0.759
4013	0.759
67  	0.759
1200	0.759
4681	0.759
4413	0.758
913 	0.758
2332	0.758
945 	0.758
3764	0.758
1105	0.758
3015	0.758
142 	0.758
1390	0.757
329 	0.757
3315	0.757
1557	0.757
3619	0.757
2592	0.757
1553	0.757
1080	0.757
1539	0.757
1161	0.757
502 	0.756
937 	0.756
1409	0.756
1423	0.756
1486	0.756
509 	0.756
490 	0.756
152 	0.755
2204	0.755
1879	0.755
471 	0.755
1140	0.755
527 	0.755
1023	0.754
2661	0.754
1377	0.754
1823	0.754
3021	0.754
2723	0.754
249 	0.754
4211	0.754
1108	0.754
2061	0.754
144 	0.754
4143	0.753
1838	0.753
794 	0.753
461 	0.752
2288	0.752
1020	0.752
1627	0.752
3077	0.752
1257	0.752
2119	0.752
4662	0.751
4479	0.751
1207	0.751
3024	0.751
4375	0.751
1452	0.751
480 	0.751
4352	0.75
3572	0.75
334 	0.75
3194	0.75
282 	0.75
1217	0.749
2009	0.749
689 	0.749
1091	0.749
3765	0.749
4868	0.749
330 	0.749
844 	0.749
3936	0.749
4432	0.749
1104	0.749
1268	0.748
891 	0.748
4421	0.748
36  	0.748
298 	0.748
995 	0.748
49  	0.747
772 	0.747
2846	0.747
4987	0.747
3084	0.747
1129	0.747
1322	0.747
916 	0.747
882 	0.746
533 	0.746
3867	0.746
1615	0.746
1640	0.746
446 	0.746
3187	0.746
801 	0.746
4743	0.746
1684	0.746
246 	0.746
1248	0.745
972 	0.745
217 	0.745
2459	0.745
894 	0.745
1354	0.745
981 	0.745
1162	0.745
1253	0.745
1081	0.745
2793	0.745
257 	0.745
4328	0.745
1177	0.745
2599	0.744
1090	0.744
1291	0.744
1198	0.744
1758	0.744
1072	0.744
2413	0.744
1137	0.744
1940	0.744
1089	0.744
990 	0.744
3450	0.743
1592	0.743
4315	0.743
1210	0.743
1149	0.743
26  	0.743
1595	0.743
3763	0.743
69  	0.742
4374	0.742
1040	0.742
1287	0.742
3042	0.741
1281	0.741
1420	0.741
3674	0.741
832 	0.741
871 	0.741
275 	0.741
4134	0.741
4466	0.741
197 	0.741
4235	0.741
3503	0.741
1192	0.741
1542	0.741
875 	0.741
1614	0.741
4207	0.74
503 	0.74
1846	0.74
3676	0.74
1182	0.74
2480	0.739
1930	0.739
111 	0.739
889 	0.739
1821	0.739
766 	0.739
1946	0.739
206 	0.738
3945	0.738
1893	0.737
3600	0.737
1569	0.737
1591	0.737
3540	0.737
839 	0.737
3724	0.737
878 	0.737
890 	0.737
1294	0.737
265 	0.737
883 	0.737
2222	0.737
3949	0.736
1498	0.736
2447	0.736
360 	0.736
1639	0.736
3738	0.736
4385	0.736
122 	0.736
1897	0.736
942 	0.736
4877	0.736
1344	0.736
2497	0.735
4452	0.735
3547	0.735
532 	0.735
1528	0.735
1317	0.735
1356	0.735
558 	0.735
618 	0.735
492 	0.735
3860	0.734
2843	0.734
3459	0.734
2807	0.734
346 	0.734
30  	0.734
2709	0.734
1205	0.734
1282	0.734
1199	0.734
4577	0.734
1974	0.733
210 	0.733
264 	0.733
872 	0.733
193 	0.733
1751	0.733
3998	0.733
3545	0.733
3975	0.733
4839	0.733
1361	0.732
1818	0.732
2214	0.732
1327	0.732
3200	0.732
1224	0.732
1853	0.732
1111	0.732
457 	0.732
3965	0.731
3141	0.731
3124	0.731
1963	0.731
3693	0.731
3252	0.731
1497	0.731
5007	0.731
120 	0.731
1046	0.731
103 	0.731
1078	0.73
980 	0.73
497 	0.73
1586	0.73
3590	0.73
1675	0.73
2825	0.73
3193	0.73
971 	0.73
4652	0.73
3900	0.73
99  	0.73
1352	0.729
1731	0.729
4679	0.729
4491	0.729
1115	0.729
2547	0.729
3208	0.729
1411	0.729
1145	0.729
1054	0.729
3300	0.729
3075	0.729
2433	0.729
547 	0.728
1415	0.728
365 	0.728
4301	0.728
1005	0.728
4583	0.728
260 	0.728
2964	0.727
146 	0.727
880 	0.727
938 	0.727
1293	0.727
2550	0.727
978 	0.727
4160	0.727
4414	0.727
200 	0.727
3109	0.727
1141	0.727
5000	0.726
986 	0.726
1052	0.726
910 	0.726
1103	0.726
276 	0.726
4241	0.726
1197	0.726
3644	0.726
359 	0.726
1477	0.726
2558	0.726
1644	0.726
983 	0.725
1222	0.725
85  	0.725
1316	0.725
892 	0.725
3417	0.725
1495	0.725
376 	0.725
97  	0.725
464 	0.725
1000	0.725
3204	0.725
4478	0.724
1359	0.724
3506	0.724
2925	0.724
513 	0.724
1367	0.724
153 	0.724
1186	0.724
920 	0.724
5003	0.724
1521	0.724
4494	0.723
1328	0.723
885 	0.723
289 	0.723
1071	0.723
4314	0.723
89  	0.723
2057	0.723
3355	0.723
4678	0.723
1747	0.723
2878	0.723
3615	0.723
1468	0.723
907 	0.723
435 	0.722
219 	0.722
3082	0.722
109 	0.722
4867	0.722
970 	0.722
2806	0.722
3419	0.722
3489	0.722
614 	0.722
1057	0.722
1695	0.722
1109	0.721
2744	0.721
4838	0.721
3596	0.721
900 	0.721
2879	0.721
1463	0.721
3316	0.721
873 	0.721
41  	0.721
2018	0.721
4510	0.721
2621	0.721
2430	0.721
1719	0.721
421 	0.72
118 	0.72
5077	0.72
627 	0.72
1056	0.72
4485	0.72
285 	0.72
2633	0.72
3181	0.72
1442	0.72
14  	0.72
1306	0.72
78  	0.72
4284	0.719
3053	0.719
1682	0.719
3052	0.719
902 	0.719
1384	0.719
3424	0.719
5039	0.719
1037	0.719
1424	0.719
3624	0.719
1638	0.718
4041	0.718
479 	0.718
912 	0.718
1009	0.718
982 	0.718
3826	0.718
1243	0.718
3442	0.718
4484	0.718
2908	0.718
96  	0.718
198 	0.718
775 	0.718
1767	0.718
3780	0.718
776 	0.718
436 	0.717
3085	0.717
302 	0.717
3364	0.717
4406	0.717
1358	0.717
524 	0.717
2211	0.717
4473	0.717
1262	0.717
1397	0.717
470 	0.717
790 	0.717
1613	0.717
158 	0.717
2524	0.717
962 	0.716
1416	0.716
2857	0.716
455 	0.716
4184	0.716
3667	0.716
2689	0.716
4249	0.716
834 	0.716
3230	0.716
499 	0.716
1559	0.716
3589	0.716
815 	0.716
4102	0.716
3415	0.715
331 	0.715
939 	0.715
1015	0.715
809 	0.715
3978	0.715
1255	0.715
1232	0.715
3758	0.715
3000	0.715
3259	0.715
199 	0.715
4073	0.715
3678	0.715
3068	0.715
4433	0.715
4236	0.714
121 	0.714
1340	0.714
2132	0.714
4535	0.714
1770	0.714
1921	0.714
3742	0.714
1777	0.714
325 	0.714
940 	0.714
3642	0.714
3144	0.714
369 	0.714
126 	0.714
1064	0.714
3793	0.714
2822	0.713
278 	0.713
2840	0.713
2007	0.713
4540	0.713
3830	0.713
3974	0.713
2002	0.713
3802	0.713
966 	0.713
1555	0.713
1019	0.713
824 	0.712
4661	0.712
1061	0.712
2352	0.712
4440	0.712
1355	0.712
3992	0.712
4781	0.712
3526	0.712
1698	0.712
113 	0.711
4557	0.711
1324	0.711
196 	0.711
5172	0.711
1457	0.711
2845	0.711
1241	0.711
3039	0.711
1290	0.711
4879	0.711
462 	0.711
3393	0.711
3165	0.711
1421	0.711
3394	0.71
1724	0.71
1213	0.71
88  	0.71
2780	0.71
3103	0.71
1247	0.71
81  	0.71
3941	0.71
830 	0.71
957 	0.71
4039	0.71
4737	0.71
2489	0.71
145 	0.71
216 	0.71
826 	0.71
3652	0.71
4915	0.709
1299	0.709
1264	0.709
4544	0.709
1628	0.709
2917	0.709
5215	0.709
5196	0.709
3496	0.709
2100	0.709
619 	0.709
1239	0.709
1259	0.709
138 	0.709
3737	0.709
4949	0.709
2978	0.708
4233	0.708
4561	0.708
813 	0.708
657 	0.708
1575	0.708
1970	0.708
3453	0.708
757 	0.708
1759	0.707
3553	0.707
3694	0.707
426 	0.707
511 	0.707
312 	0.707
2517	0.707
3335	0.707
2805	0.707
1700	0.707
2581	0.707
2905	0.707
187 	0.707
721 	0.707
1236	0.707
724 	0.707
3040	0.707
1966	0.707
2977	0.707
901 	0.706
1820	0.706
1398	0.706
1646	0.706
3106	0.706
1301	0.706
25  	0.706
2595	0.706
1948	0.706
857 	0.706
1472	0.706
1681	0.706
4735	0.706
542 	0.706
3686	0.706
301 	0.705
3627	0.705
1336	0.705
3248	0.705
4547	0.705
1076	0.705
1580	0.705
1095	0.705
3444	0.705
342 	0.705
845 	0.704
305 	0.704
1990	0.704
4282	0.704
3935	0.704
1302	0.704
2180	0.704
1663	0.704
258 	0.704
132 	0.703
1339	0.703
842 	0.703
1179	0.703
601 	0.703
428 	0.703
1414	0.703
268 	0.703
3750	0.703
1006	0.703
1671	0.703
15  	0.703
429 	0.703
3270	0.703
2785	0.703
4105	0.703
2263	0.702
2533	0.702
2474	0.702
967 	0.702
316 	0.702
3180	0.702
1066	0.702
3566	0.702
3416	0.702
340 	0.702
3782	0.702
1048	0.701
1598	0.701
2373	0.701
3079	0.701
1567	0.701
4538	0.701
2043	0.701
2623	0.701
1337	0.701
1013	0.701
2230	0.7
796 	0.7
808 	0.7
4543	0.7
3225	0.7
1286	0.7
522 	0.7
3067	0.7
443 	0.7
1303	0.7
1984	0.7
3983	0.7
1749	0.7
1813	0.7
5217	0.7
3458	0.7
998 	0.7
1039	0.7
3351	0.7
4453	0.7
180 	0.7
4511	0.7
2231	0.699
3237	0.699
4189	0.699
3578	0.699
838 	0.699
4509	0.699
3159	0.699
785 	0.699
3130	0.699
173 	0.699
866 	0.699
4405	0.699
973 	0.699
4512	0.699
4427	0.699
1379	0.698
642 	0.698
736 	0.698
156 	0.698
2490	0.698
2539	0.698
184 	0.698
3210	0.698
1594	0.698
1471	0.698
1660	0.698
4072	0.698
4989	0.698
4948	0.698
4258	0.698
1484	0.698
3391	0.698
4723	0.698
2779	0.698
307 	0.698
3672	0.698
115 	0.697
1373	0.697
682 	0.697
1320	0.697
1073	0.697
1922	0.697
4736	0.697
335 	0.697
3050	0.697
247 	0.697
3308	0.697
321 	0.697
2477	0.697
2642	0.697
1413	0.696
1059	0.696
1551	0.696
420 	0.696
4299	0.696
1138	0.696
1760	0.696
1625	0.696
2572	0.696
3131	0.696
3960	0.696
3199	0.696
4703	0.696
2545	0.695
4262	0.695
4593	0.695
255 	0.695
3256	0.695
401 	0.695
540 	0.695
899 	0.695
1007	0.695
378 	0.695
2233	0.695
1102	0.695
3232	0.695
1913	0.695
876 	0.695
4502	0.695
680 	0.695
1194	0.695
339 	0.695
1643	0.694
531 	0.694
1067	0.694
2884	0.694
31  	0.694
964 	0.694
3611	0.694
3260	0.694
3201	0.694
993 	0.694
3541	0.694
3469	0.694
1533	0.693
1481	0.693
4493	0.693
3175	0.693
4175	0.693
107 	0.693
44  	0.693
2571	0.693
501 	0.693
336 	0.693
2026	0.693
3296	0.693
3451	0.693
1228	0.693
1422	0.693
3901	0.693
2116	0.693
1085	0.693
2776	0.693
1669	0.692
2143	0.692
3670	0.692
867 	0.692
2508	0.692
3123	0.692
416 	0.692
3683	0.692
2690	0.692
434 	0.692
3538	0.692
338 	0.692
5004	0.692
444 	0.692
2613	0.692
458 	0.692
2234	0.692
2194	0.692
554 	0.692
4852	0.692
4101	0.692
1687	0.691
2687	0.691
687 	0.691
225 	0.691
3883	0.691
467 	0.691
3122	0.691
777 	0.691
1028	0.691
2839	0.691
1745	0.691
2954	0.691
1012	0.69
235 	0.69
3999	0.69
950 	0.69
904 	0.69
4357	0.69
2482	0.69
4811	0.69
764 	0.69
2970	0.69
1087	0.69
1238	0.69
3944	0.69
195 	0.69
3214	0.69
194 	0.69
4587	0.689
393 	0.689
2986	0.689
1596	0.689
1652	0.689
4550	0.689
54  	0.689
46  	0.689
1338	0.689
1333	0.689
3245	0.689
4372	0.689
51  	0.689
306 	0.689
1434	0.689
4518	0.688
4675	0.688
791 	0.688
4714	0.688
174 	0.688
309 	0.688
3549	0.688
4559	0.688
923 	0.688
3467	0.688
209 	0.688
3369	0.688
3649	0.688
1715	0.688
65  	0.688
3798	0.688
823 	0.687
1254	0.687
410 	0.687
2819	0.687
38  	0.687
2166	0.687
4012	0.687
2584	0.687
1667	0.687
108 	0.687
1450	0.687
603 	0.687
1626	0.687
3297	0.686
4097	0.686
1860	0.686
4420	0.686
3848	0.686
3680	0.686
1058	0.686
1094	0.686
870 	0.686
1321	0.686
1619	0.686
3953	0.686
752 	0.686
4232	0.686
2451	0.686
3546	0.686
3955	0.686
3916	0.686
1285	0.686
4187	0.686
1642	0.686
4573	0.685
3277	0.685
3913	0.685
415 	0.685
3588	0.685
2   	0.685
3601	0.685
417 	0.685
2527	0.685
3188	0.685
2973	0.685
2680	0.685
1435	0.685
4202	0.685
2200	0.685
1535	0.685
2872	0.685
433 	0.685
609 	0.685
1117	0.685
3089	0.685
3414	0.685
784 	0.685
3490	0.685
2312	0.685
1618	0.685
3567	0.685
3537	0.684
793 	0.684
1746	0.684
926 	0.684
3870	0.684
112 	0.684
1093	0.684
332 	0.684
1022	0.684
234 	0.684
3145	0.684
1036	0.684
4834	0.684
4393	0.684
786 	0.684
70  	0.684
863 	0.684
1502	0.684
3127	0.684
3091	0.684
943 	0.684
2197	0.684
1650	0.684
1673	0.684
2778	0.683
4307	0.683
1018	0.683
3653	0.683
232 	0.683
1685	0.683
1621	0.683
2804	0.683
822 	0.683
313 	0.683
896 	0.683
3425	0.683
4842	0.683
4402	0.683
930 	0.683
908 	0.683
1766	0.683
688 	0.683
1444	0.683
3787	0.683
703 	0.683
770 	0.683
2957	0.682
1386	0.682
1515	0.682
3001	0.682
3004	0.682
1544	0.682
1610	0.682
3869	0.682
3440	0.682
755 	0.682
1381	0.682
418 	0.682
3779	0.682
1168	0.682
911 	0.682
1325	0.682
34  	0.682
2561	0.682
157 	0.682
1666	0.681
1876	0.681
2079	0.681
2106	0.681
3967	0.681
3628	0.681
999 	0.681
2809	0.681
1869	0.681
898 	0.681
422 	0.681
539 	0.681
3675	0.681
2325	0.68
3824	0.68
1099	0.68
2995	0.68
575 	0.68
186 	0.68
2253	0.68
4206	0.68
4525	0.68
3917	0.68
4000	0.68
130 	0.68
3120	0.68
1570	0.68
1438	0.68
214 	0.68
236 	0.68
3395	0.68
1659	0.68
1368	0.68
1635	0.68
3073	0.68
1597	0.68
3345	0.68
2737	0.68
3361	0.679
1010	0.679
1   	0.679
1678	0.679
2638	0.679
4298	0.679
237 	0.679
1017	0.679
621 	0.679
1514	0.679
3236	0.679
2696	0.679
2259	0.679
695 	0.679
4568	0.679
2617	0.679
836 	0.679
991 	0.679
1362	0.679
685 	0.679
5214	0.679
1043	0.678
463 	0.678
1914	0.678
1223	0.678
2420	0.678
5015	0.678
423 	0.678
2685	0.678
788 	0.678
3231	0.678
4091	0.678
468 	0.678
3907	0.678
2791	0.678
4312	0.678
1357	0.678
1393	0.678
817 	0.678
3243	0.678
4715	0.678
985 	0.678
32  	0.678
2816	0.678
8   	0.678
2956	0.678
95  	0.678
1858	0.678
407 	0.677
3918	0.677
2368	0.677
1904	0.677
411 	0.677
374 	0.677
3224	0.677
4224	0.677
1187	0.677
1025	0.677
2159	0.677
1741	0.677
1623	0.677
299 	0.677
1419	0.677
451 	0.677
3993	0.677
4214	0.677
741 	0.677
868 	0.677
1388	0.677
328 	0.677
611 	0.677
856 	0.676
3114	0.676
2064	0.676
1692	0.676
4696	0.676
1677	0.676
2966	0.676
2523	0.676
1508	0.676
1449	0.676
954 	0.676
1380	0.676
780 	0.676
1763	0.676
865 	0.676
4641	0.675
4683	0.675
151 	0.675
3671	0.675
3911	0.675
4499	0.675
3427	0.675
1133	0.675
2345	0.675
905 	0.675
3962	0.675
1968	0.675
1670	0.675
3691	0.675
2590	0.675
270 	0.675
1483	0.675
4800	0.675
3272	0.675
351 	0.675
1252	0.675
2815	0.675
450 	0.674
3778	0.674
52  	0.674
3140	0.674
4990	0.674
3163	0.674
141 	0.674
3815	0.674
1347	0.674
2070	0.674
915 	0.674
3041	0.674
1707	0.674
2786	0.674
3292	0.674
2747	0.674
1629	0.674
734 	0.674
3397	0.674
1027	0.674
2511	0.674
2847	0.674
250 	0.674
1768	0.674
2434	0.673
281 	0.673
4038	0.673
116 	0.673
1588	0.673
3705	0.673
1806	0.673
1852	0.673
1318	0.673
28  	0.673
2748	0.673
2855	0.673
3132	0.673
3088	0.673
1240	0.673
5113	0.673
3380	0.673
3562	0.673
2985	0.673
23  	0.672
4371	0.672
1376	0.672
3850	0.672
5206	0.672
1648	0.672
21  	0.672
2087	0.672
208 	0.672
4172	0.672
1545	0.672
5050	0.672
2429	0.672
366 	0.672
228 	0.672
2982	0.672
3306	0.672
3378	0.672
4138	0.672
3092	0.672
3825	0.672
2107	0.672
1173	0.672
3170	0.672
1499	0.672
4604	0.671
814 	0.671
795 	0.671
2980	0.671
843 	0.671
768 	0.671
1971	0.671
2056	0.671
561 	0.671
319 	0.671
917 	0.671
1209	0.671
2536	0.671
2557	0.671
477 	0.671
1193	0.671
3173	0.671
1636	0.671
3267	0.671
3045	0.671
188 	0.671
3081	0.671
3515	0.671
74  	0.67
4894	0.67
1606	0.67
1996	0.67
2136	0.67
4480	0.67
2836	0.67
222 	0.67
2918	0.67
2670	0.67
240 	0.67
287 	0.67
2051	0.67
251 	0.67
4639	0.67
568 	0.67
1016	0.67
1833	0.67
2712	0.67
1075	0.67
248 	0.67
3966	0.67
3925	0.67
2220	0.669
2089	0.669
3221	0.669
1780	0.669
2224	0.669
3299	0.669
2215	0.669
1069	0.669
1605	0.669
324 	0.669
1476	0.669
3531	0.669
1297	0.669
1345	0.669
3894	0.669
869 	0.669
2365	0.669
2037	0.669
379 	0.668
2736	0.668
3603	0.668
3244	0.668
1593	0.668
2796	0.668
3492	0.668
3062	0.668
841 	0.668
2065	0.668
2679	0.668
1029	0.668
4368	0.668
1935	0.668
1607	0.668
3794	0.668
3905	0.668
984 	0.668
2534	0.668
4088	0.668
1233	0.668
3168	0.668
105 	0.667
2713	0.667
1549	0.667
4443	0.667
806 	0.667
2512	0.667
1885	0.667
2751	0.667
975 	0.667
4227	0.667
2343	0.667
239 	0.667
3981	0.667
4717	0.667
2865	0.667
4887	0.667
192 	0.667
4309	0.666
528 	0.666
3855	0.666
607 	0.666
2242	0.666
150 	0.666
3716	0.666
147 	0.666
2950	0.666
1589	0.666
3828	0.666
820 	0.666
1620	0.666
381 	0.666
2467	0.666
4863	0.666
223 	0.666
3768	0.666
220 	0.666
190 	0.666
4308	0.665
1389	0.665
819 	0.665
2851	0.665
2852	0.665
5029	0.665
3022	0.665
1956	0.665
1298	0.665
961 	0.665
2974	0.665
3032	0.665
2625	0.665
2015	0.665
4968	0.664
1999	0.664
2441	0.664
245 	0.664
537 	0.664
1219	0.664
4381	0.664
4458	0.664
2030	0.664
771 	0.664
3178	0.664
2746	0.664
935 	0.664
493 	0.664
3668	0.663
2935	0.663
3483	0.663
2697	0.663
4424	0.663
71  	0.663
3535	0.663
816 	0.663
1680	0.663
478 	0.663
4850	0.663
2432	0.663
1068	0.662
955 	0.662
3984	0.662
3403	0.662
3511	0.662
3058	0.662
3280	0.662
1024	0.662
1332	0.662
4376	0.662
3539	0.662
1136	0.662
2769	0.662
1143	0.662
1494	0.662
303 	0.662
3301	0.662
2989	0.662
3969	0.662
750 	0.662
2589	0.662
2615	0.662
4365	0.662
5191	0.662
213 	0.662
283 	0.662
1781	0.661
1110	0.661
3729	0.661
3474	0.661
1445	0.661
3957	0.661
3346	0.661
1314	0.661
127 	0.661
4028	0.661
1599	0.661
403 	0.661
169 	0.661
4248	0.661
2820	0.661
383 	0.661
2862	0.66
4037	0.66
745 	0.66
3310	0.66
2198	0.66
1765	0.66
5158	0.66
1894	0.66
1649	0.66
811 	0.66
4572	0.66
37  	0.66
2199	0.66
3508	0.66
803 	0.66
3069	0.66
2455	0.66
3157	0.66
783 	0.659
4462	0.659
591 	0.659
2620	0.659
4660	0.659
976 	0.659
2127	0.659
1531	0.659
1939	0.659
3568	0.659
1116	0.659
893 	0.659
4843	0.659
101 	0.659
1546	0.659
4201	0.659
2706	0.659
2955	0.659
4087	0.659
114 	0.659
3377	0.659
3494	0.658
394 	0.658
903 	0.658
2465	0.658
43  	0.658
3002	0.658
1439	0.658
3620	0.658
3011	0.658
1001	0.658
769 	0.658
110 	0.658
4032	0.658
941 	0.658
4215	0.658
861 	0.658
858 	0.658
529 	0.658
2585	0.658
3304	0.658
3086	0.658
1490	0.657
90  	0.657
5159	0.657
284 	0.657
3519	0.657
320 	0.657
3959	0.657
1756	0.657
2476	0.657
1519	0.657
799 	0.657
1363	0.657
3229	0.657
2154	0.657
3698	0.656
296 	0.656
4289	0.656
2484	0.656
572 	0.656
3516	0.656
2683	0.656
3341	0.656
322 	0.656
1446	0.656
1391	0.656
1030	0.656
2849	0.656
4897	0.656
4419	0.656
711 	0.656
1235	0.656
372 	0.656
4287	0.656
2022	0.656
1488	0.656
4994	0.656
1261	0.656
4320	0.656
977 	0.655
4104	0.655
2875	0.655
1954	0.655
4449	0.655
779 	0.655
135 	0.655
4005	0.655
61  	0.655
345 	0.655
2716	0.655
1044	0.655
42  	0.655
825 	0.655
3939	0.655
3631	0.655
2795	0.655
881 	0.655
2350	0.655
4347	0.655
2715	0.655
644 	0.655
2631	0.655
848 	0.654
5203	0.654
3139	0.654
516 	0.654
2674	0.654
756 	0.654
400 	0.654
4709	0.654
1180	0.654
48  	0.654
3179	0.654
1063	0.654
3240	0.654
3102	0.654
1986	0.653
1962	0.653
4349	0.653
3882	0.653
2959	0.653
1440	0.653
1604	0.653
3303	0.653
3219	0.653
3169	0.653
4019	0.653
3437	0.653
55  	0.653
1383	0.653
810 	0.653
3933	0.653
3426	0.653
2321	0.653
812 	0.653
2871	0.653
3753	0.653
1664	0.652
3220	0.652
2752	0.652
2906	0.652
5081	0.652
4684	0.652
1590	0.652
1808	0.652
3564	0.652
4554	0.652
1795	0.652
448 	0.652
1460	0.652
968 	0.652
1735	0.651
1473	0.651
98  	0.651
717 	0.651
5204	0.651
2471	0.651
4268	0.651
2001	0.651
4166	0.651
498 	0.651
227 	0.651
5190	0.651
4846	0.651
1126	0.651
2701	0.651
3235	0.65
1992	0.65
1733	0.65
887 	0.65
864 	0.65
4335	0.65
1877	0.65
2673	0.65
50  	0.65
759 	0.65
3056	0.65
218 	0.65
4492	0.65
143 	0.65
2907	0.65
297 	0.65
2721	0.65
3719	0.65
3577	0.65
2124	0.65
486 	0.65
1164	0.649
1830	0.649
2960	0.649
273 	0.649
3988	0.649
1407	0.649
3247	0.649
2240	0.649
3513	0.649
2694	0.649
3233	0.649
4721	0.649
1157	0.649
610 	0.649
4642	0.649
3104	0.649
205 	0.649
1522	0.648
2326	0.648
2510	0.648
1458	0.648
2783	0.648
3980	0.648
1185	0.648
1047	0.648
2922	0.648
2217	0.648
3598	0.648
1464	0.648
2207	0.648
1399	0.648
2133	0.648
2246	0.648
4193	0.648
676 	0.648
4508	0.648
2045	0.647
3421	0.647
4082	0.647
952 	0.647
931 	0.647
4   	0.647
3635	0.647
2540	0.647
4705	0.647
944 	0.647
3063	0.647
4542	0.647
2543	0.647
2203	0.647
2464	0.647
1305	0.647
131 	0.647
148 	0.647
82  	0.647
1127	0.647
1220	0.647
24  	0.647
884 	0.647
2063	0.646
140 	0.646
3591	0.646
1825	0.646
1448	0.646
1915	0.646
80  	0.646
3294	0.646
1082	0.646
1982	0.646
2390	0.646
1034	0.646
781 	0.646
2537	0.646
347 	0.646
3912	0.646
1888	0.646
4411	0.645
3407	0.645
3095	0.645
377 	0.645
4244	0.645
2337	0.645
1668	0.645
1098	0.645
4137	0.645
2046	0.645
4132	0.645
2646	0.645
2099	0.645
229 	0.645
886 	0.645
266 	0.645
2832	0.645
84  	0.645
3125	0.645
2250	0.645
2185	0.644
4633	0.644
3386	0.644
1988	0.644
3431	0.644
2873	0.644
1088	0.644
3732	0.644
1949	0.644
290 	0.644
2889	0.644
4066	0.644
3684	0.644
3288	0.644
1582	0.644
2414	0.644
2587	0.644
1972	0.644
2800	0.644
4756	0.644
798 	0.644
1945	0.644
1051	0.643
3354	0.643
178 	0.643
846 	0.643
2686	0.643
2681	0.643
3970	0.643
3478	0.643
709 	0.643
2877	0.643
3174	0.643
3339	0.643
1995	0.643
632 	0.643
835 	0.643
4747	0.643
929 	0.643
3822	0.643
2570	0.643
87  	0.643
4792	0.643
719 	0.642
4359	0.642
1732	0.642
2591	0.642
3126	0.642
2329	0.642
1146	0.642
364 	0.642
3093	0.642
203 	0.642
3664	0.642
1565	0.642
3530	0.642
730 	0.642
4907	0.642
4884	0.642
2656	0.642
2404	0.642
1074	0.642
211 	0.642
751 	0.641
3609	0.641
821 	0.641
691 	0.641
994 	0.641
1817	0.641
2227	0.641
1372	0.641
997 	0.641
3610	0.641
1641	0.641
2219	0.641
47  	0.641
3441	0.641
5194	0.641
269 	0.64
2969	0.64
191 	0.64
83  	0.64
526 	0.64
988 	0.64
1616	0.64
987 	0.64
162 	0.64
4667	0.64
720 	0.64
2614	0.64
2097	0.64
5008	0.64
2212	0.64
2501	0.639
4358	0.639
948 	0.639
3561	0.639
3479	0.639
4316	0.639
3559	0.639
424 	0.639
3153	0.639
2396	0.639
805 	0.639
1482	0.639
1189	0.639
3663	0.639
4874	0.639
2444	0.638
754 	0.638
3099	0.638
3853	0.638
1794	0.638
1815	0.638
1216	0.638
704 	0.638
13  	0.638
2225	0.638
5210	0.638
2833	0.638
3951	0.638
1828	0.638
4217	0.637
4403	0.637
2705	0.637
963 	0.637
1762	0.637
2660	0.637
1581	0.637
4845	0.637
3707	0.637
2564	0.637
73  	0.637
849 	0.637
2411	0.637
3051	0.637
4255	0.637
2188	0.637
1697	0.637
906 	0.637
4325	0.637
3457	0.637
4422	0.637
2082	0.637
3409	0.637
1799	0.637
16  	0.637
1703	0.637
747 	0.637
3769	0.636
1651	0.636
1720	0.636
2743	0.636
3734	0.636
2893	0.636
4302	0.636
4242	0.636
3246	0.636
2803	0.636
182 	0.636
2976	0.636
3350	0.636
3557	0.636
4664	0.636
4108	0.636
4136	0.636
4904	0.635
4742	0.635
2284	0.635
1725	0.635
4862	0.635
726 	0.635
1566	0.635
3026	0.635
277 	0.635
1696	0.635
1728	0.635
1723	0.635
226 	0.635
1369	0.635
4112	0.635
699 	0.635
4263	0.635
546 	0.635
1418	0.635
3242	0.634
2262	0.634
2965	0.634
1748	0.634
4864	0.634
2902	0.634
2895	0.634
2734	0.634
1032	0.634
2210	0.634
1296	0.634
2932	0.634
2754	0.634
3608	0.634
3834	0.634
4318	0.634
1729	0.633
2911	0.633
4407	0.633
2940	0.633
72  	0.633
4426	0.633
4665	0.633
4053	0.633
3074	0.633
19  	0.633
2147	0.633
672 	0.633
233 	0.633
4627	0.633
3487	0.633
4603	0.633
3938	0.633
3266	0.632
3727	0.632
1694	0.632
4300	0.632
4412	0.632
357 	0.632
5212	0.632
563 	0.632
1653	0.632
2898	0.632
3115	0.632
3480	0.632
20  	0.632
134 	0.632
5180	0.632
1686	0.632
1691	0.632
2364	0.632
1774	0.631
1489	0.631
432 	0.631
4748	0.631
4532	0.631
3865	0.631
370 	0.631
204 	0.631
348 	0.631
2938	0.631
851 	0.631
1612	0.631
1634	0.631
404 	0.63
2019	0.63
1827	0.63
207 	0.63
454 	0.63
4731	0.63
323 	0.63
1835	0.63
2074	0.63
4746	0.63
167 	0.63
75  	0.63
600 	0.63
2607	0.63
3049	0.63
221 	0.63
3402	0.629
4947	0.629
3500	0.629
2238	0.629
1246	0.629
3502	0.629
4906	0.629
4355	0.629
859 	0.629
2142	0.629
1211	0.629
2632	0.629
3991	0.629
2130	0.629
2478	0.629
792 	0.629
4833	0.629
33  	0.629
4051	0.629
3154	0.629
3113	0.628
2134	0.628
4819	0.628
304 	0.628
1925	0.628
62  	0.628
2619	0.628
3307	0.628
2507	0.628
308 	0.628
4103	0.628
4553	0.628
2924	0.628
2724	0.628
4229	0.628
4759	0.628
925 	0.628
267 	0.628
3486	0.627
2025	0.627
579 	0.627
4988	0.627
2177	0.627
2896	0.627
2296	0.627
666 	0.627
136 	0.627
3003	0.627
22  	0.627
3371	0.627
3027	0.627
3669	0.627
3061	0.627
1139	0.627
1637	0.627
3979	0.627
3623	0.627
4016	0.627
3445	0.627
2010	0.626
1151	0.626
1097	0.626
1702	0.626
1084	0.626
1242	0.626
4739	0.626
3198	0.626
3889	0.626
3329	0.626
3579	0.626
2072	0.626
3283	0.626
1547	0.626
2006	0.626
2483	0.626
2763	0.626
5012	0.625
2784	0.625
154 	0.625
778 	0.625
4459	0.625
4044	0.625
1131	0.625
2760	0.625
128 	0.625
45  	0.625
4171	0.625
3512	0.625
392 	0.625
3823	0.625
1844	0.625
2810	0.625
3638	0.624
2575	0.624
3499	0.624
4558	0.624
2148	0.624
4272	0.624
2667	0.624
2137	0.624
992 	0.624
2066	0.624
326 	0.624
3430	0.624
94  	0.624
367 	0.624
3408	0.623
1701	0.623
2422	0.623
947 	0.623
4468	0.623
847 	0.623
3005	0.623
3295	0.623
1288	0.623
4607	0.623
4722	0.623
762 	0.623
4763	0.623
2835	0.623
1661	0.623
4893	0.623
3654	0.623
3048	0.623
1118	0.623
4148	0.623
3347	0.623
2348	0.623
352 	0.623
1726	0.623
2275	0.623
412 	0.623
5184	0.622
5009	0.622
3278	0.622
4946	0.622
3044	0.622
3275	0.622
2699	0.622
2653	0.622
27  	0.622
2942	0.622
874 	0.622
2014	0.622
409 	0.622
4464	0.622
5108	0.622
3599	0.622
4853	0.622
4451	0.622
3156	0.622
4434	0.622
3057	0.622
3934	0.621
4922	0.621
2641	0.621
1230	0.621
3552	0.621
1976	0.621
4831	0.621
1989	0.621
447 	0.621
3940	0.621
327 	0.621
914 	0.621
2858	0.621
3383	0.621
564 	0.621
2041	0.621
3119	0.621
1689	0.621
1699	0.621
2770	0.621
3007	0.62
2912	0.62
773 	0.62
4680	0.62
40  	0.62
2342	0.62
1155	0.62
550 	0.619
1902	0.619
2666	0.619
3657	0.619
4195	0.619
3818	0.619
4185	0.619
2971	0.619
1465	0.619
4687	0.619
3215	0.619
2669	0.619
4880	0.619
2733	0.619
949 	0.619
1120	0.619
4730	0.618
3336	0.618
2542	0.618
560 	0.618
615 	0.618
4150	0.618
2900	0.618
2000	0.618
2028	0.618
60  	0.618
2652	0.618
1070	0.618
625 	0.618
2186	0.618
53  	0.618
3367	0.618
2611	0.618
833 	0.618
1478	0.618
5121	0.618
57  	0.617
4454	0.617
12  	0.617
3481	0.617
1167	0.617
4369	0.617
1578	0.617
1964	0.617
1382	0.617
1832	0.617
2282	0.616
3597	0.616
185 	0.616
3083	0.616
4423	0.616
3433	0.616
3829	0.616
3031	0.616
2108	0.616
2274	0.616
1645	0.616
4181	0.616
1453	0.616
3241	0.616
1329	0.616
3810	0.615
4170	0.615
2487	0.615
4326	0.615
2155	0.615
106 	0.615
713 	0.615
274 	0.615
2727	0.615
2759	0.615
2315	0.615
1045	0.615
3162	0.615
2742	0.615
2278	0.615
79  	0.615
3223	0.614
3286	0.614
909 	0.614
3582	0.614
630 	0.614
1704	0.614
3460	0.614
1743	0.614
705 	0.614
723 	0.614
728 	0.614
445 	0.613
1711	0.613
4267	0.613
1134	0.613
1631	0.613
1107	0.613
2178	0.613
2757	0.613
3276	0.613
3025	0.613
3767	0.613
4313	0.613
4388	0.613
2201	0.613
1218	0.612
2393	0.612
1848	0.612
1991	0.612
3206	0.612
2897	0.612
4106	0.612
1406	0.612
4764	0.612
1826	0.612
3118	0.612
3014	0.612
2749	0.612
2248	0.612
3151	0.612
2370	0.611
3202	0.611
2772	0.611
2700	0.611
254 	0.611
2098	0.611
3640	0.611
2359	0.611
4065	0.611
385 	0.611
2228	0.611
2698	0.611
2693	0.61
3714	0.61
1370	0.61
4991	0.61
4439	0.61
3514	0.61
3047	0.61
356 	0.61
1878	0.61
252 	0.61
3655	0.61
1736	0.61
271 	0.61
119 	0.61
4718	0.61
4180	0.61
1300	0.61
1587	0.609
4822	0.609
1083	0.609
3384	0.609
3958	0.609
2195	0.609
3324	0.609
712 	0.609
1784	0.609
3856	0.609
3184	0.609
2650	0.609
1757	0.609
4025	0.609
1292	0.609
2961	0.609
514 	0.609
4360	0.609
438 	0.609
4741	0.608
4624	0.608
4240	0.608
4093	0.608
4706	0.608
2639	0.608
3731	0.608
1426	0.608
4317	0.608
4450	0.608
4208	0.608
5202	0.608
1568	0.608
4635	0.608
4507	0.608
1513	0.608
3319	0.608
4162	0.608
3264	0.607
2562	0.607
3312	0.607
3493	0.607
3648	0.607
3720	0.607
946 	0.607
361 	0.607
2068	0.607
2818	0.607
2081	0.607
4344	0.607
3054	0.607
3401	0.607
4986	0.607
387 	0.607
3342	0.606
4921	0.606
1563	0.606
1175	0.606
1475	0.606
2380	0.606
3392	0.606
2069	0.606
1525	0.606
288 	0.606
3728	0.606
3281	0.606
3656	0.606
4253	0.606
3037	0.606
4192	0.606
4251	0.606
4981	0.606
1854	0.606
584 	0.605
2892	0.605
1540	0.605
679 	0.605
2418	0.605
774 	0.605
5001	0.605
1289	0.605
2629	0.605
2838	0.605
1871	0.605
1042	0.605
3136	0.605
2258	0.605
4387	0.605
3066	0.605
77  	0.605
3904	0.604
1959	0.604
3137	0.604
2738	0.604
382 	0.604
708 	0.604
3477	0.604
1892	0.604
2881	0.603
1867	0.603
2443	0.603
4392	0.603
1049	0.603
1271	0.603
2569	0.603
3443	0.603
3314	0.603
4724	0.603
2841	0.603
4637	0.603
1561	0.603
3692	0.603
3735	0.603
4501	0.603
4323	0.603
1730	0.603
1834	0.603
3887	0.603
2423	0.603
2578	0.602
395 	0.602
737 	0.602
2802	0.602
1944	0.602
3820	0.602
4246	0.602
2125	0.602
1558	0.602
2102	0.602
3461	0.602
2730	0.602
831 	0.601
2867	0.601
3890	0.601
189 	0.601
2424	0.601
2481	0.601
2928	0.601
670 	0.601
4353	0.601
2236	0.601
2247	0.601
4513	0.601
1360	0.601
4956	0.601
384 	0.601
314 	0.601
3333	0.601
4952	0.6
4787	0.6
1961	0.6
18  	0.6
2256	0.6
4291	0.6
1033	0.6
4075	0.6
4046	0.6
117 	0.6
1266	0.6
3630	0.6
855 	0.6
4226	0.6
1392	0.6
3932	0.6
3268	0.6
1323	0.6
1987	0.6
2058	0.6
4296	0.599
3715	0.599
343 	0.599
4026	0.599
2718	0.599
760 	0.599
139 	0.599
4969	0.599
3586	0.599
2317	0.599
2276	0.599
1866	0.599
4034	0.599
3101	0.599
161 	0.599
3149	0.599
2826	0.599
2518	0.598
2850	0.598
2076	0.598
2229	0.598
2741	0.598
1315	0.598
1829	0.598
4496	0.598
4552	0.598
3100	0.598
1676	0.598
3328	0.598
1577	0.598
3634	0.598
675 	0.597
3607	0.597
1886	0.597
4128	0.597
1215	0.597
3954	0.597
3117	0.597
5188	0.597
484 	0.597
2328	0.597
4584	0.597
3435	0.597
3250	0.597
102 	0.597
2261	0.596
3550	0.596
4283	0.596
1790	0.596
2856	0.596
2860	0.596
2011	0.596
230 	0.596
738 	0.596
3923	0.595
2406	0.595
3563	0.595
1267	0.595
4297	0.595
2173	0.595
4237	0.595
4155	0.595
1611	0.595
3309	0.595
1734	0.595
5018	0.595
2732	0.595
3523	0.595
17  	0.594
380 	0.594
1526	0.594
2300	0.594
2415	0.594
4165	0.594
4530	0.594
1456	0.594
2529	0.594
133 	0.594
1690	0.594
1633	0.594
2792	0.594
3709	0.594
1761	0.594
4223	0.594
4891	0.593
1371	0.593
3504	0.593
4890	0.593
2920	0.593
1313	0.593
1716	0.593
2719	0.592
3845	0.592
4613	0.592
3658	0.592
2622	0.592
3863	0.592
4640	0.592
3839	0.592
633 	0.592
3996	0.592
2252	0.592
3751	0.592
1443	0.592
2114	0.592
4654	0.592
566 	0.592
2492	0.592
3880	0.592
2115	0.591
2777	0.591
3476	0.591
3689	0.591
2551	0.591
2184	0.591
3717	0.591
2266	0.591
4937	0.591
2658	0.591
2254	0.591
4333	0.59
2196	0.59
2466	0.59
2023	0.59
4982	0.59
2768	0.59
295 	0.59
29  	0.59
3340	0.59
4728	0.589
3921	0.589
3482	0.589
4273	0.589
1402	0.589
3871	0.589
2505	0.589
2226	0.589
3986	0.589
3534	0.589
4955	0.589
2052	0.589
4720	0.588
3111	0.588
1798	0.588
583 	0.588
4042	0.588
2109	0.588
164 	0.588
2711	0.588
4636	0.588
5141	0.587
897 	0.587
1665	0.587
2160	0.587
1159	0.587
317 	0.587
4966	0.587
4288	0.587
3558	0.587
2084	0.587
4205	0.586
1307	0.586
2042	0.586
1889	0.586
91  	0.586
4445	0.586
1656	0.586
2405	0.586
3814	0.586
2531	0.586
3239	0.586
391 	0.586
4177	0.586
1245	0.586
5213	0.586
2655	0.585
163 	0.585
183 	0.585
3234	0.585
1196	0.585
2425	0.585
2331	0.585
3592	0.585
2431	0.585
4908	0.585
4122	0.585
4076	0.585
2861	0.585
2789	0.584
3334	0.584
1169	0.584
4967	0.584
2600	0.584
4341	0.584
1283	0.584
827 	0.584
3584	0.584
2435	0.584
2756	0.584
2526	0.584
4630	0.584
3158	0.584
1183	0.584
2972	0.584
2417	0.583
63  	0.583
1437	0.583
1764	0.583
1727	0.583
2645	0.583
2387	0.583
4144	0.583
2874	0.583
3325	0.583
3527	0.583
3389	0.583
3987	0.583
3645	0.583
4592	0.583
3895	0.582
5192	0.582
3682	0.582
1864	0.582
4098	0.582
1873	0.582
4348	0.582
5205	0.582
2379	0.582
4653	0.582
3994	0.582
1706	0.581
4740	0.581
4465	0.581
1506	0.581
4188	0.581
2323	0.581
2601	0.581
1923	0.581
388 	0.581
3   	0.581
3366	0.58
170 	0.58
2213	0.58
3455	0.58
402 	0.58
2358	0.58
4345	0.58
3722	0.58
1396	0.58
4602	0.58
4539	0.58
358 	0.58
201 	0.579
2740	0.579
828 	0.579
4970	0.579
2020	0.579
2123	0.579
4343	0.579
4256	0.579
4622	0.579
4575	0.579
4448	0.579
2381	0.579
1077	0.579
1791	0.579
3326	0.579
974 	0.579
1850	0.578
3374	0.578
2153	0.578
5163	0.578
1916	0.578
518 	0.578
668 	0.578
2494	0.578
746 	0.578
2304	0.578
2036	0.577
1263	0.577
2341	0.577
3128	0.577
2532	0.577
3311	0.577
3505	0.577
4310	0.577
2710	0.577
1221	0.577
2834	0.577
4356	0.577
1128	0.577
3510	0.577
3702	0.577
5112	0.577
1862	0.577
4608	0.577
3428	0.576
3574	0.576
2616	0.576
4120	0.576
3484	0.576
2739	0.576
758 	0.576
4198	0.576
3555	0.576
3020	0.576
4218	0.576
2264	0.576
3321	0.576
292 	0.576
2567	0.576
2193	0.576
4127	0.575
4230	0.575
1779	0.575
1455	0.575
767 	0.575
4265	0.575
1550	0.575
4428	0.575
1824	0.575
3770	0.575
3147	0.575
4702	0.575
5023	0.575
3400	0.575
2138	0.575
1331	0.575
681 	0.575
3006	0.575
2576	0.574
4425	0.574
92  	0.574
3990	0.574
5195	0.574
2588	0.574
753 	0.574
1147	0.574
4045	0.574
578 	0.574
2287	0.573
4752	0.573
1469	0.573
4020	0.573
2675	0.573
1310	0.572
3922	0.572
4107	0.572
3491	0.572
2004	0.572
427 	0.572
3805	0.572
700 	0.572
3927	0.572
2883	0.572
224 	0.572
4379	0.571
4099	0.571
3279	0.571
1837	0.571
4327	0.571
2612	0.571
2890	0.571
2937	0.571
2327	0.57
2909	0.57
623 	0.57
1096	0.57
1092	0.57
4071	0.57
4083	0.57
2720	0.57
2630	0.57
4410	0.57
2565	0.57
1234	0.569
3379	0.569
2708	0.569
3363	0.569
2421	0.569
2286	0.569
2953	0.569
2782	0.569
3150	0.568
4700	0.568
1884	0.568
1516	0.568
3859	0.568
1153	0.568
2216	0.568
3468	0.568
2553	0.568
5072	0.568
4794	0.568
1319	0.568
2574	0.567
1214	0.567
397 	0.567
3811	0.567
2635	0.567
3470	0.567
2239	0.567
1576	0.566
3353	0.566
2919	0.566
3164	0.566
2866	0.566
4080	0.566
261 	0.566
4444	0.566
4254	0.566
4895	0.566
3148	0.566
93  	0.566
4340	0.566
1346	0.566
396 	0.566
4957	0.566
1754	0.566
406 	0.565
543 	0.565
1330	0.565
3112	0.565
2765	0.565
2502	0.565
4194	0.565
4266	0.565
2378	0.565
1279	0.565
1953	0.565
2603	0.565
2606	0.564
3744	0.564
3284	0.564
1951	0.564
4212	0.564
3352	0.564
4264	0.564
1154	0.564
3688	0.564
171 	0.564
928 	0.564
2610	0.564
231 	0.564
1385	0.564
354 	0.563
2176	0.563
2509	0.563
1859	0.563
4920	0.563
1284	0.562
2990	0.562
3775	0.562
1152	0.562
3741	0.562
3261	0.562
4710	0.562
160 	0.562
4638	0.562
2139	0.562
4373	0.561
2452	0.561
2498	0.561
4339	0.561
2008	0.561
363 	0.561
2869	0.561
431 	0.56
3287	0.56
3262	0.56
3509	0.56
3160	0.56
386 	0.56
4798	0.56
2952	0.56
4926	0.56
1796	0.559
3800	0.559
4022	0.559
2604	0.559
3449	0.559
1993	0.559
959 	0.559
1353	0.559
2703	0.558
2272	0.558
3636	0.558
3332	0.558
337 	0.558
718 	0.557
1602	0.557
1375	0.557
3790	0.557
1994	0.557
1204	0.557
2223	0.557
1410	0.557
4950	0.556
1176	0.556
2931	0.556
2237	0.556
1842	0.556
215 	0.556
2764	0.556
3995	0.556
3186	0.556
1160	0.555
2301	0.555
2514	0.555
4644	0.555
3038	0.555
2031	0.555
1158	0.555
2813	0.555
2161	0.555
137 	0.555
3209	0.555
300 	0.555
1119	0.555
2277	0.554
1811	0.554
4719	0.554
491 	0.554
344 	0.554
2916	0.554
4061	0.554
1744	0.554
5132	0.554
3712	0.554
5139	0.554
3985	0.554
4303	0.553
3418	0.553
1277	0.553
2637	0.553
1079	0.553
4417	0.553
1350	0.553
4775	0.553
3725	0.553
4524	0.553
4983	0.553
4750	0.553
1714	0.552
840 	0.552
1172	0.552
4156	0.552
2627	0.552
1086	0.552
1260	0.552
2039	0.552
3659	0.552
1326	0.552
4650	0.551
353 	0.551
181 	0.551
2691	0.551
2395	0.551
544 	0.551
4865	0.55
3861	0.55
4666	0.55
4942	0.55
3982	0.55
3376	0.549
2546	0.549
1135	0.549
3338	0.549
1412	0.549
3784	0.549
523 	0.549
3950	0.549
1195	0.549
1793	0.549
1983	0.548
1537	0.548
1206	0.548
414 	0.548
1171	0.548
58  	0.548
263 	0.548
4762	0.548
2823	0.548
2171	0.548
3873	0.547
3721	0.547
2145	0.547
3213	0.547
495 	0.547
2880	0.547
2302	0.546
3718	0.546
4774	0.546
368 	0.546
2628	0.546
4125	0.546
2257	0.546
4153	0.546
598 	0.546
4167	0.546
4191	0.546
3406	0.546
1722	0.546
3381	0.545
475 	0.545
3318	0.545
3792	0.545
654 	0.545
3343	0.545
725 	0.545
1541	0.545
241 	0.545
2078	0.545
2997	0.544
3639	0.544
311 	0.544
4615	0.544
1738	0.544
1101	0.544
4796	0.544
2644	0.544
390 	0.544
577 	0.543
4505	0.543
1178	0.543
4902	0.543
2092	0.543
4769	0.542
2034	0.542
373 	0.542
3781	0.542
1156	0.542
2077	0.542
5127	0.542
389 	0.542
2105	0.542
1831	0.541
1181	0.541
3331	0.541
616 	0.541
179 	0.54
4133	0.54
4847	0.54
4154	0.54
3748	0.54
2255	0.54
3687	0.539
4151	0.539
2560	0.539
2336	0.539
1928	0.539
437 	0.539
4415	0.538
3816	0.538
3924	0.538
1912	0.538
1510	0.538
1957	0.538
512 	0.538
1657	0.538
658 	0.538
3167	0.538
2758	0.537
2355	0.537
2968	0.537
4331	0.537
3055	0.536
2075	0.536
1973	0.536
4081	0.536
4416	0.536
804 	0.536
1249	0.536
3142	0.536
895 	0.536
5193	0.535
1403	0.535
5079	0.535
4996	0.535
1150	0.535
4672	0.535
3365	0.535
5071	0.535
2035	0.535
4797	0.535
166 	0.535
4277	0.534
850 	0.534
172 	0.534
5189	0.534
4566	0.534
279 	0.534
3868	0.533
175 	0.533
2394	0.533
1787	0.533
4350	0.533
3110	0.533
4657	0.533
168 	0.533
4370	0.532
4009	0.532
155 	0.532
1191	0.532
1208	0.532
3844	0.532
243 	0.531
2324	0.531
4002	0.531
3952	0.531
2682	0.531
2842	0.531
1899	0.531
2848	0.531
4064	0.531
1142	0.53
2389	0.53
4522	0.53
2904	0.529
1788	0.529
2453	0.529
802 	0.529
3107	0.529
2903	0.529
4673	0.528
4931	0.528
2801	0.528
375 	0.528
4945	0.528
4611	0.528
1295	0.528
2463	0.528
4095	0.527
2788	0.527
4294	0.527
3059	0.527
2522	0.527
2191	0.527
510 	0.527
557 	0.526
1184	0.526
1688	0.526
318 	0.526
3755	0.526
3762	0.526
3902	0.525
1269	0.525
4003	0.525
3862	0.525
1739	0.524
1903	0.524
5201	0.524
2665	0.524
176 	0.524
4183	0.524
592 	0.523
2882	0.523
4050	0.523
517 	0.523
3660	0.523
4228	0.522
4954	0.522
3888	0.522
4152	0.522
1911	0.522
3337	0.522
4342	0.521
349 	0.521
1174	0.521
707 	0.521
1942	0.521
1170	0.52
3348	0.52
1026	0.52
4029	0.52
3804	0.519
3662	0.519
2750	0.518
3629	0.518
3796	0.517
4004	0.517
293 	0.516
4362	0.516
2290	0.516
4113	0.516
652 	0.516
3249	0.516
2899	0.515
4397	0.515
1454	0.515
1002	0.514
333 	0.514
238 	0.514
2541	0.513
476 	0.513
4711	0.513
921 	0.512
1773	0.512
1710	0.511
3997	0.511
4685	0.51
86  	0.51
548 	0.51
1978	0.509
4079	0.509
521 	0.509
371 	0.508
1534	0.508
3772	0.508
2305	0.507
212 	0.507
2821	0.507
286 	0.507
350 	0.505
3172	0.505
2050	0.505
660 	0.505
4961	0.505
2339	0.504
177 	0.503
953 	0.503
3227	0.503
3356	0.502
3360	0.501
4398	0.5
2073	0.5
604 	0.499
2663	0.499
5   	0.499
1035	0.499
4049	0.499
4285	0.499
4399	0.498
2811	0.497
2828	0.497
2762	0.496
4158	0.496
4168	0.493
3690	0.493
244 	0.493
1404	0.492
4161	0.491
3317	0.488
2094	0.486
3291	0.485
129 	0.484
4186	0.483
1933	0.483
2005	0.482
441 	0.479
2090	0.478
1855	0.477
341 	0.477
5186	0.475
3726	0.475
4409	0.472
2067	0.47
3520	0.469
4221	0.469
4115	0.464
1985	0.463
449 	0.463
3265	0.462
1931	0.46
473 	0.46
3650	0.46
2384	0.458
469 	0.455
3881	0.453
3528	0.45
4279	0.444
3632	0.442
100 	0.44
3507	0.437
3305	0.436
2472	0.435
259 	0.434
2824	0.434
4306	0.434
3313	0.433
59  	0.429
165 	0.429
505 	0.425
2334	0.411
488 	0.399
291 	0.396
2520	0.387

Signal B
4430	1.0
1480	0.992
5130	0.983
5138	0.978
5006	0.976
5045	0.967
5101	0.966
5010	0.966
5122	0.964
5022	0.959
5091	0.957
4976	0.957
5177	0.955
5049	0.953
4975	0.949
5083	0.948
1947	0.945
1797	0.944
5073	0.942
5044	0.941
5059	0.939
5085	0.939
5013	0.939
5107	0.939
5097	0.938
5092	0.937
5061	0.936
5087	0.936
5118	0.935
5126	0.935
5082	0.935
5080	0.935
5048	0.934
5027	0.934
5120	0.933
5054	0.933
5086	0.932
5124	0.932
5100	0.932
5034	0.931
4888	0.931
5093	0.93
5145	0.93
5069	0.93
5053	0.929
5076	0.928
5111	0.928
5067	0.928
5114	0.927
5025	0.926
2991	0.925
5052	0.925
5062	0.925
5021	0.925
5041	0.924
3899	0.924
5133	0.924
5088	0.922
5032	0.922
5095	0.922
5036	0.921
5026	0.919
5051	0.919
5119	0.919
5110	0.918
4998	0.918
1958	0.917
5131	0.917
5040	0.917
5055	0.916
5058	0.916
5064	0.915
5063	0.915
4997	0.915
5117	0.912
5020	0.912
5070	0.911
5074	0.911
5084	0.91
5038	0.91
5024	0.906
4979	0.904
5106	0.903
5002	0.903
5057	0.902
5017	0.901
5019	0.901
4591	0.9
4999	0.899
4829	0.898
4973	0.896
5104	0.896
5035	0.896
5078	0.896
5109	0.895
5028	0.894
2729	0.892
5116	0.891
5090	0.89
3290	0.889
2044	0.888
5178	0.887
5030	0.885
5060	0.885
5148	0.883
5037	0.883
5089	0.881
4563	0.881
5161	0.881
4056	0.881
4817	0.88
5042	0.879
5179	0.877
5046	0.877
1231	0.876
4958	0.874
4290	0.873
1814	0.871
4174	0.871
585 	0.87
5056	0.868
3396	0.866
5129	0.866
4252	0.866
3786	0.866
2516	0.863
5105	0.862
5144	0.86
5182	0.859
5016	0.859
1579	0.858
1896	0.856
5033	0.854
4033	0.854
5075	0.852
5156	0.851
4914	0.851
5068	0.851
727 	0.851
5098	0.85
4319	0.849
1895	0.848
5168	0.846
5123	0.842
4609	0.841
2901	0.841
4533	0.838
667 	0.837
3228	0.837
4910	0.835
2468	0.835
1709	0.834
5137	0.833
587 	0.832
4324	0.832
1718	0.831
4912	0.83
4322	0.83
5134	0.83
4225	0.829
2993	0.829
4856	0.828
1807	0.827
5031	0.826
4147	0.826
5176	0.825
4873	0.822
2618	0.821
4337	0.821
4974	0.821
4517	0.82
3518	0.818
677 	0.817
4260	0.817
2488	0.816
4495	0.815
2554	0.814
1849	0.814
5043	0.813
567 	0.812
5162	0.812
1870	0.811
3616	0.81
4977	0.81
3681	0.81
5103	0.809
5142	0.808
4978	0.808
3898	0.806
4436	0.803
2146	0.803
5099	0.801
3475	0.801
5147	0.8
4858	0.8
2808	0.8
4980	0.799
2206	0.798
5146	0.798
2831	0.797
1630	0.796
1805	0.794
5160	0.794
4959	0.794
2377	0.794
4311	0.792
2397	0.791
4960	0.791
2636	0.789
2356	0.789
2062	0.789
731 	0.788
2309	0.788
4993	0.788
5149	0.788
5125	0.788
4962	0.787
2175	0.787
4972	0.786
2946	0.786
4520	0.785
2269	0.783
5143	0.782
4069	0.782
4911	0.782
4825	0.781
1276	0.781
1969	0.777
605 	0.776
4909	0.776
663 	0.776
2814	0.774
4913	0.772
4247	0.771
1882	0.77
3565	0.769
4963	0.768
2209	0.768
581 	0.768
5187	0.767
4814	0.764
4876	0.764
5165	0.764
3432	0.76
4600	0.76
1789	0.76
1778	0.759
2555	0.759
2167	0.759
4519	0.759
4815	0.758
4391	0.757
4521	0.754
3438	0.754
4537	0.754
4437	0.75
3942	0.749
3602	0.748
4816	0.748
4669	0.747
2456	0.747
1938	0.747
3521	0.744
5094	0.743
4824	0.743
1792	0.742
2943	0.742
3254	0.742
1802	0.741
4788	0.739
4802	0.739
653 	0.738
3679	0.738
3877	0.738
5197	0.737
4243	0.737
2021	0.737
5135	0.737
4803	0.736
5066	0.734
4832	0.734
3217	0.733
2374	0.733
1451	0.731
1273	0.731
4126	0.73
453 	0.729
748 	0.723
5174	0.721
2340	0.72
1573	0.72
1518	0.72
4146	0.719
4329	0.719
4471	0.719
697 	0.719
4861	0.718
4546	0.717
4477	0.716
4804	0.715
3576	0.714
1874	0.713
3320	0.713
5183	0.71
4801	0.709
3064	0.709
1447	0.708
5115	0.708
3273	0.707
2519	0.703
4612	0.702
1872	0.701
3072	0.698
5128	0.697
3462	0.696
3211	0.696
4389	0.696
4470	0.695
1387	0.693
3226	0.692
4142	0.692
650 	0.689
635 	0.688
2128	0.687
440 	0.686
1812	0.686
3847	0.685
1405	0.684
442 	0.683
541 	0.682
2117	0.681
4383	0.68
5181	0.68
4487	0.68
1839	0.68
678 	0.679
4789	0.678
4523	0.677
2583	0.675
4304	0.675
4321	0.674
3612	0.674
2152	0.673
2293	0.672
4245	0.671
3892	0.67
4766	0.668
1124	0.667
2047	0.667
5047	0.666
729 	0.665
626 	0.663
637 	0.663
1782	0.662
4903	0.661
1737	0.661
648 	0.661
2088	0.661
1776	0.661
1816	0.66
2996	0.66
4779	0.658
4497	0.658
4848	0.657
3821	0.657
3646	0.656
4837	0.656
4541	0.656
624 	0.655
2285	0.654
3766	0.653
649 	0.652
4783	0.652
538 	0.652
3843	0.651
1941	0.651
1622	0.65
2859	0.649
613 	0.649
2260	0.648
651 	0.647
595 	0.646
4261	0.644
4885	0.643
659 	0.643
4481	0.642
3373	0.642
4570	0.64
593 	0.639
5199	0.638
3795	0.636
763 	0.636
3605	0.635
4164	0.635
2174	0.635
2714	0.635
2945	0.635
4429	0.634
1304	0.632
4835	0.632
2745	0.631
686 	0.63
656 	0.629
4548	0.627
3097	0.627
4015	0.627
2298	0.627
702 	0.626
669 	0.625
3327	0.625
4579	0.624
3570	0.624
1836	0.624
4901	0.623
3695	0.623
639 	0.622
4844	0.621
3257	0.621
4461	0.62
4857	0.619
4860	0.619
2707	0.618
4024	0.618
1250	0.617
1662	0.616
3498	0.616
4599	0.615
2129	0.615
3034	0.613
4733	0.613
3833	0.612
2958	0.612
2363	0.612
459 	0.61
622 	0.609
4529	0.609
932 	0.608
5005	0.607
413 	0.607
4526	0.606
2704	0.603
3410	0.603
2265	0.602
3420	0.601
3253	0.6
3434	0.599
1523	0.598
4882	0.598
571 	0.598
641 	0.597
4732	0.596
4596	0.595
2283	0.595
4482	0.594
4905	0.594
761 	0.594
4785	0.593
3593	0.592
2457	0.592
1112	0.591
4276	0.591
4280	0.591
2717	0.591
580 	0.589
2085	0.589
4052	0.589
3485	0.588
4534	0.588
4271	0.588
2781	0.587
4231	0.586
2311	0.586
3285	0.586
3016	0.585
556 	0.584
5169	0.583
4060	0.583
4334	0.582
3884	0.581
4441	0.58
1400	0.58
4820	0.579
1560	0.578
3696	0.578
2473	0.577
5173	0.577
4761	0.576
1609	0.576
1004	0.576
496 	0.576
2992	0.575
4043	0.575
525 	0.575
606 	0.574
507 	0.574
1927	0.572
1840	0.571
506 	0.571
5152	0.571
1562	0.571
4483	0.57
643 	0.57
3622	0.569
4631	0.569
3293	0.568
1270	0.568
5171	0.567
3046	0.567
2189	0.567
2568	0.567
3836	0.565
4030	0.564
574 	0.564
3876	0.564
3105	0.564
4010	0.563
2168	0.563
3915	0.562
2844	0.562
4117	0.562
692 	0.561
1679	0.561
1783	0.56
2249	0.56
3891	0.56
4119	0.558
3465	0.558
4442	0.558
4582	0.557
2316	0.557
1500	0.556
2668	0.556
4571	0.556
4872	0.556
4778	0.555
4047	0.555
696 	0.555
684 	0.554
743 	0.554
4123	0.554
3879	0.553
4239	0.552
4821	0.552
2643	0.551
4755	0.551
2440	0.55
2506	0.55
2391	0.55
1505	0.55
4767	0.55
2999	0.549
3368	0.549
4932	0.549
3542	0.549
4626	0.548
2573	0.548
4924	0.547
2392	0.547
2929	0.547
1608	0.547
1705	0.545
1801	0.545
3594	0.545
4489	0.545
4808	0.543
3613	0.542
1809	0.542
3033	0.542
4007	0.541
4048	0.541
4813	0.54
519 	0.54
2515	0.54
4018	0.539
2170	0.539
4490	0.539
4648	0.538
2624	0.538
3116	0.538
4757	0.538
2626	0.538
2113	0.538
2310	0.537
2409	0.537
2003	0.537
3977	0.536
620 	0.536
4556	0.535
3809	0.535
2141	0.534
3398	0.534
2438	0.534
2596	0.533
3573	0.533
1950	0.533
4830	0.533
597 	0.532
4632	0.532
5151	0.532
4936	0.531
1775	0.531
4292	0.531
5164	0.531
3036	0.53
4634	0.53
3096	0.53
4504	0.53
3575	0.529
2279	0.529
2049	0.529
3090	0.529
1943	0.529
4118	0.529
4363	0.528
2495	0.528
4826	0.528
4992	0.527
4597	0.527
4606	0.527
1100	0.527
2579	0.527
2110	0.526
4889	0.526
3121	0.526
674 	0.525
4197	0.525
2032	0.525
1201	0.525
4695	0.525
4855	0.525
4111	0.524
4196	0.524
3143	0.524
2086	0.524
2649	0.524
1520	0.523
5150	0.523
1501	0.523
698 	0.523
3183	0.522
5153	0.521
919 	0.521
716 	0.52
4455	0.52
4531	0.52
2513	0.52
4751	0.52
797 	0.52
515 	0.519
2722	0.519
489 	0.519
1934	0.519
2179	0.519
3439	0.519
4199	0.519
1121	0.519
3783	0.518
739 	0.518
4549	0.518
4598	0.517
2535	0.517
646 	0.516
2322	0.516
4899	0.516
4964	0.514
2549	0.513
4545	0.513
5166	0.513
2949	0.513
4619	0.512
1229	0.512
3571	0.512
3030	0.512
2375	0.512
4131	0.512
2951	0.512
4401	0.511
1492	0.511
3362	0.511
3196	0.511
4777	0.51
2462	0.51
4332	0.51
494 	0.51
5209	0.51
2790	0.51
4551	0.509
3008	0.509
2344	0.508
989 	0.508
2948	0.508
4941	0.508
4562	0.507
1857	0.506
465 	0.506
4918	0.505
3685	0.504
2597	0.504
1366	0.504
4396	0.504
2559	0.504
2165	0.504
5208	0.503
4828	0.503
4900	0.503
5170	0.503
4173	0.503
5207	0.502
1474	0.502
4555	0.502
4040	0.501
3875	0.501
4928	0.5
1909	0.5
4176	0.5
3569	0.499
2450	0.499
3633	0.499
4655	0.498
4139	0.498
2984	0.498
2934	0.498
3937	0.498
1632	0.497
2383	0.497
744 	0.497
3404	0.496
474 	0.496
4818	0.496
3710	0.496
4923	0.495
2295	0.495
1755	0.495
3806	0.494
2678	0.494
4925	0.493
4618	0.493
1441	0.492
996 	0.492
3929	0.492
4135	0.492
4527	0.492
2273	0.492
3191	0.492
4021	0.491
4916	0.49
596 	0.49
4758	0.49
3009	0.49
4500	0.489
2333	0.489
3454	0.489
2357	0.489
3730	0.488
5154	0.488
4930	0.488
2385	0.488
1527	0.487
2241	0.487
2271	0.486
1536	0.486
4701	0.486
3972	0.486
5157	0.486
4698	0.485
2593	0.485
2218	0.485
3926	0.484
4234	0.484
5167	0.484
690 	0.484
4472	0.483
4727	0.483
1742	0.482
2963	0.482
4806	0.482
456 	0.482
2853	0.481
2448	0.481
662 	0.481
2436	0.48
1491	0.48
742 	0.48
4776	0.48
2335	0.479
1955	0.479
4795	0.479
1740	0.479
1493	0.479
1693	0.479
3358	0.479
5140	0.478
4690	0.478
4567	0.478
1908	0.478
2412	0.478
3452	0.478
2294	0.478
3617	0.478
3625	0.476
4851	0.476
4219	0.476
661 	0.476
1771	0.476
4269	0.475
3544	0.475
4765	0.475
1507	0.475
1920	0.475
3914	0.474
4892	0.474
2299	0.474
693 	0.473
3893	0.472
3028	0.472
76  	0.472
634 	0.472
4869	0.472
1981	0.472
2771	0.471
594 	0.471
1432	0.471
3192	0.47
4364	0.47
2817	0.469
3928	0.469
5155	0.469
2829	0.469
2921	0.469
4330	0.469
3070	0.469
1960	0.469
3138	0.469
4585	0.469
4578	0.469
4805	0.468
1708	0.468
310 	0.467
2753	0.467
2182	0.467
4204	0.467
2671	0.466
4617	0.466
2854	0.466
3920	0.466
4692	0.466
3087	0.466
1342	0.465
2416	0.465
4799	0.465
3886	0.465
2499	0.465
3448	0.465
1509	0.464
2962	0.464
1584	0.464
1378	0.464
5211	0.464
1244	0.464
3583	0.463
4270	0.463
1819	0.463
4691	0.463
2083	0.463
4643	0.462
4827	0.462
1275	0.462
4486	0.462
3274	0.462
2338	0.462
2268	0.461
3529	0.461
2221	0.461
4382	0.461
640 	0.461
588 	0.46
673 	0.46
1753	0.46
3035	0.46
2967	0.459
3931	0.459
4116	0.459
1351	0.459
2775	0.459
4366	0.459
918 	0.458
3429	0.458
4807	0.458
2280	0.458
4488	0.458
4601	0.457
4057	0.457
2446	0.457
2927	0.457
612 	0.457
933 	0.457
2525	0.457
3098	0.457
4536	0.456
2651	0.455
4629	0.455
4595	0.455
3017	0.455
4697	0.455
3012	0.455
4707	0.455
4810	0.454
4726	0.453
2726	0.453
3543	0.453
1485	0.453
3807	0.452
4220	0.452
2071	0.452
4581	0.452
3747	0.452
4784	0.451
2582	0.451
4849	0.451
4390	0.451
3152	0.451
4716	0.45
4871	0.45
3533	0.45
1123	0.45
2654	0.449
1997	0.449
3171	0.449
2351	0.449
3896	0.449
4589	0.449
2289	0.448
3651	0.448
1365	0.447
2038	0.447
3177	0.447
582 	0.446
4933	0.446
4836	0.446
2131	0.445
2910	0.445
2400	0.445
1856	0.444
5216	0.444
2837	0.444
2887	0.444
671 	0.443
1851	0.443
2388	0.443
2493	0.443
1936	0.443
782 	0.442
3472	0.442
4169	0.442
2798	0.441
3878	0.441
2232	0.441
608 	0.441
4514	0.44
4753	0.44
3349	0.44
1868	0.44
4476	0.44
3269	0.44
740 	0.44
2151	0.44
4651	0.439
4238	0.439
4760	0.439
4708	0.439
732 	0.439
569 	0.439
3263	0.439
3216	0.439
3708	0.439
439 	0.439
3908	0.439
3203	0.438
1965	0.438
3643	0.437
294 	0.437
2504	0.437
4688	0.436
586 	0.436
4768	0.436
4006	0.436
4659	0.435
2112	0.435
4686	0.435
2407	0.434
4035	0.434
3501	0.434
2939	0.434
2243	0.434
1188	0.433
4734	0.433
2135	0.433
4469	0.433
3854	0.432
4475	0.432
4564	0.432
5102	0.431
1487	0.431
1906	0.431
800 	0.431
3197	0.431
4812	0.43
1148	0.43
2987	0.43
706 	0.43
3840	0.429
4670	0.429
5200	0.429
4110	0.429
3551	0.428
4014	0.428
1401	0.427
4754	0.427
2419	0.426
3946	0.426
4896	0.426
2353	0.426
2163	0.426
4917	0.426
3372	0.426
3963	0.425
4293	0.425
4336	0.425
1258	0.425
2830	0.425
3405	0.425
1470	0.425
5014	0.425
4506	0.425
481 	0.425
2577	0.424
3222	0.424
3524	0.424
1786	0.424
2538	0.424
3666	0.423
4841	0.423
2766	0.423
3446	0.423
1343	0.423
3205	0.423
2103	0.422
4793	0.422
2118	0.422
2787	0.422
3752	0.422
2868	0.422
3195	0.422
3976	0.422
3412	0.422
722 	0.421
2485	0.421
4725	0.421
2144	0.421
1427	0.421
2354	0.42
3736	0.42
2149	0.419
3706	0.419
2728	0.419
3536	0.419
4771	0.419
2095	0.419
4580	0.419
1624	0.419
2016	0.419
4516	0.418
2401	0.418
3251	0.418
3677	0.418
3803	0.418
1804	0.418
4574	0.418
2208	0.417
1374	0.417
4854	0.417
3746	0.417
647 	0.417
3207	0.417
3956	0.416
3864	0.416
1721	0.416
3842	0.416
4446	0.416
2319	0.416
4699	0.415
2767	0.415
4431	0.415
4222	0.415
1251	0.415
4744	0.414
2096	0.414
2140	0.414
854 	0.414
3522	0.414
2486	0.414
2360	0.413
565 	0.413
3827	0.412
4067	0.412
3436	0.412
2205	0.412
936 	0.412
2426	0.412
2548	0.412
1467	0.412
2361	0.411
3964	0.411
4620	0.411
1014	0.411
4565	0.411
3832	0.411
1617	0.41
2091	0.41
4770	0.41
3413	0.41
4616	0.409
3701	0.409
2190	0.409
636 	0.409
2398	0.409
3971	0.408
2427	0.408
2120	0.408
4203	0.408
3019	0.408
694 	0.408
2172	0.408
590 	0.408
3903	0.408
2346	0.407
3463	0.407
4840	0.407
1364	0.407
4590	0.407
4712	0.406
3108	0.406
2988	0.406
2183	0.406
4001	0.406
4515	0.406
3525	0.406
520 	0.405
2695	0.405
3704	0.405
573 	0.405
4682	0.405
3554	0.405
2366	0.404
104 	0.404
2773	0.404
4782	0.403
4074	0.403
4704	0.403
2330	0.403
4649	0.403
4870	0.402
4625	0.402
2979	0.402
3968	0.401
2169	0.401
4404	0.4
2923	0.4
4130	0.4
1601	0.4
1417	0.4
2461	0.4
1926	0.399
714 	0.399
4085	0.399
2251	0.399
3190	0.399
2267	0.399
4068	0.399
4190	0.398
4274	0.398
3271	0.398
2609	0.398
4216	0.398
1462	0.398
1065	0.398
1461	0.398
1769	0.398
3757	0.398
4786	0.397
1583	0.397
4773	0.397
3185	0.397
4179	0.397
1712	0.397
3189	0.396
399 	0.396
1900	0.396
2048	0.396
735 	0.396
4809	0.396
1237	0.396
3723	0.396
2320	0.395
3176	0.395
4503	0.395
4023	0.395
3447	0.395
3697	0.394
2369	0.394
3626	0.394
1841	0.394
2888	0.394
3359	0.394
3831	0.394
4063	0.394
1967	0.394
4400	0.394
2158	0.393
3166	0.393
2307	0.393
2528	0.393
419 	0.393
1998	0.392
4378	0.392
4713	0.392
1600	0.392
4934	0.392
1980	0.392
2761	0.392
2162	0.392
4791	0.391
2491	0.391
68  	0.391
3532	0.39
2202	0.39
4295	0.39
4621	0.39
2104	0.39
1845	0.39
5198	0.389
2187	0.389
3464	0.389
765 	0.389
3456	0.389
2122	0.389
4823	0.389
2053	0.389
4078	0.388
3134	0.388
1212	0.388
2475	0.388
3749	0.388
4878	0.388
4674	0.387
3604	0.387
829 	0.387
4090	0.387
3029	0.387
483 	0.387
2605	0.387
2156	0.387
3375	0.387
628 	0.386
4658	0.386
3711	0.386
1977	0.386
1683	0.386
4576	0.385
1658	0.385
2735	0.385
1571	0.385
1585	0.385
4286	0.385
1907	0.385
3282	0.385
5136	0.385
1265	0.385
3760	0.385
4008	0.385
3497	0.384
2662	0.384
3872	0.384
2017	0.383
3060	0.383
4694	0.383
3614	0.383
4866	0.383
1647	0.383
3323	0.382
2470	0.382
4656	0.382
3471	0.382
1274	0.382
4467	0.382
4594	0.382
2602	0.382
1937	0.381
2270	0.381
4729	0.381
2664	0.381
4109	0.381
853 	0.381
2382	0.381
3866	0.381
3841	0.38
4149	0.38
3874	0.379
1952	0.379
3621	0.379
2930	0.379
1865	0.379
2563	0.379
3488	0.379
3813	0.379
3661	0.379
2594	0.378
3799	0.378
4953	0.378
733 	0.378
3146	0.378
3218	0.378
3298	0.378
2054	0.378
472 	0.378
4528	0.378
2469	0.377
4086	0.377
559 	0.377
1166	0.376
4210	0.376
599 	0.376
3548	0.376
4027	0.376
4017	0.376
2556	0.376
2799	0.376
4114	0.375
1881	0.375
1861	0.375
3580	0.375
4935	0.375
4474	0.374
2121	0.374
4281	0.374
2500	0.374
4140	0.374
5065	0.374
1863	0.374
2676	0.374
2449	0.374
1408	0.373
3851	0.373
2437	0.373
1163	0.373
2192	0.373
3777	0.373
2544	0.372
2164	0.372
4943	0.372
1979	0.371
4971	0.371
3788	0.371
2349	0.371
2458	0.371
1803	0.371
3852	0.371
1822	0.371
4645	0.371
4883	0.371
4938	0.371
4790	0.371
4929	0.371
2181	0.371
3703	0.371
4100	0.371
4036	0.37
2308	0.37
3819	0.37
2454	0.369
3835	0.369
4200	0.369
3713	0.369
4094	0.369
2936	0.369
3581	0.369
1554	0.369
2941	0.368
4361	0.368
3808	0.368
4213	0.368
4927	0.368
2647	0.368
4610	0.367
862 	0.367
2677	0.367
3647	0.367
3789	0.367
1341	0.367
2983	0.366
1713	0.366
1918	0.366
1924	0.366
5175	0.365
2024	0.365
1312	0.365
4129	0.365
3699	0.365
3182	0.365
5185	0.365
4435	0.365
3797	0.365
3517	0.365
2297	0.365
5096	0.365
2684	0.364
1466	0.364
3357	0.363
3665	0.363
2692	0.363
4668	0.363
2672	0.363
3801	0.363
4463	0.363
2870	0.362
4919	0.362
2479	0.362
4209	0.362
1431	0.361
4859	0.361
482 	0.361
570 	0.361
3745	0.36
3740	0.36
4605	0.36
1975	0.36
4772	0.36
4588	0.36
1785	0.36
2442	0.36
4647	0.36
701 	0.359
3776	0.359
4646	0.359
3774	0.359
4275	0.359
1203	0.359
4586	0.359
818 	0.358
555 	0.358
4092	0.358
1750	0.358
4438	0.358
1517	0.358
1932	0.358
4940	0.358
3382	0.357
629 	0.357
3791	0.357
2608	0.357
2530	0.357
2306	0.357
2521	0.356
4157	0.356
3849	0.356
3587	0.356
2033	0.356
2371	0.356
2402	0.356
159 	0.355
852 	0.355
2648	0.355
2914	0.355
3743	0.355
2027	0.354
665 	0.354
3773	0.354
1875	0.354
2876	0.354
9   	0.354
4939	0.353
4257	0.353
3606	0.353
362 	0.353
2029	0.353
1919	0.353
1717	0.352
530 	0.352
2372	0.352
408 	0.351
3212	0.351
1394	0.351
2913	0.351
2111	0.35
3585	0.349
3700	0.349
3023	0.349
2702	0.349
1272	0.349
749 	0.349
4944	0.349
551 	0.348
466 	0.348
1311	0.348
617 	0.348
645 	0.348
4984	0.348
3238	0.347
3018	0.347
3399	0.347
4178	0.347
2640	0.347
3812	0.347
3733	0.346
4354	0.346
1334	0.346
4985	0.346
3858	0.345
3754	0.345
3595	0.345
3129	0.345
3010	0.345
5011	0.344
3473	0.344
3910	0.344
1308	0.344
2403	0.344
1891	0.344
4059	0.344
631 	0.343
2292	0.343
2827	0.343
2157	0.342
3947	0.341
1496	0.341
4614	0.341
3673	0.34
3370	0.34
4693	0.34
1772	0.34
2915	0.339
664 	0.339
2496	0.339
3817	0.338
4163	0.338
4011	0.338
4965	0.338
2755	0.338
655 	0.337
3385	0.337
683 	0.337
2386	0.337
3759	0.336
536 	0.335
4031	0.335
807 	0.335
3330	0.335
1887	0.334
4456	0.333
2894	0.333
4055	0.333
66  	0.333
4676	0.333
64  	0.332
2399	0.331
3255	0.33
3388	0.33
3739	0.33
3948	0.33
3043	0.33
3071	0.329
951 	0.329
4377	0.329
2944	0.329
1433	0.328
2126	0.328
56  	0.328
3756	0.328
3761	0.326
3943	0.326
3556	0.326
2439	0.326
4394	0.325
1843	0.324
280 	0.324
398 	0.323
2318	0.323
3909	0.322
2774	0.321
602 	0.318
3161	0.316
4498	0.315
149 	0.308
2863	0.308
3837	0.307
2093	0.306
3919	0.301
4995	0.301
4418	0.299
3560	0.298
1459	0.298
3302	0.296
2362	0.293
2794	0.292
10  	0.291
4738	0.29
4380	0.289
3637	0.289
3289	0.288
2313	0.284
4159	0.282
124 	0.281
500 	0.274
2864	0.273
2580	0.272
2291	0.261
2408	0.257
452 	0.164

